Time for parse file C:\Users\Anastasiya\Desktop\Projects\re\recursive-ascent\Tests\materials\ms-sql\sysprocs\sp_addserver.sql = 00:00:05.2102980
conf# 34  prods: [|1363; 1364|]
    (53, 52)
    (53, 62)
    (53, 72)
    (53, 80)
    (53, 88)
conf# 33  prods: [|788; 783|]
    (15, 15)
    (15, 38)
    (18, 16)
    (18, 40)
    (19, 59)
conf# 32  prods: [|59; 59|]
    (53, 67)
    (53, 77)
    (53, 85)
    (53, 96)
    (54, 38)
conf# 21  prods: [|1593; 1593|]
    (27, 25)
    (26, 25)
    (26, 25)
    (35, 25)
    (34, 25)
conf# 17  prods: [|773; 792|]
    (42, 32)
    (42, 38)
    (42, 44)
    (42, 50)
    (42, 56)
conf# 13  prods: [|792; 773|]
    (20, 53)
    (23, 53)
    (53, 96)
    (54, 65)
    (55, 104)
conf# 12  prods: [|3; 4|]
    (53, 67)
    (53, 77)
    (53, 85)
    (54, 46)
    (54, 54)
conf# 11  prods: [|1636; 1636|]
    (84, 8)
    (44, 8)
    (38, 8)
    (33, 8)
    (31, 8)
conf# 6  prods: [|1593; 1593; 1593|]
    (48, 25)
    (48, 25)
    (80, 42)
    (79, 42)
    (79, 42)
conf# 5  prods: [|1636; 1636; 1636|]
    (71, 8)
    (41, 8)
    (32, 8)
    (24, 8)
    (15, 8)
conf# 3  prods: [|1520; 1521|]
    (15, 8)
    (18, 58)
    (15, 80)
conf# 3  prods: [|1613; 1616|]
    (15, 8)
    (18, 58)
    (15, 80)
conf# 3  prods: [|557; 556|]
    (18, 58)
    (15, 80)
    (15, 15)
conf# 3  prods: [|1589; 1588|]
    (46, 24)
    (48, 35)
    (71, 30)
conf# 3  prods: [|1608; 1607|]
    (49, 16)
    (58, 16)
    (58, 16)
conf# 3  prods: [|672; 672|]
    (79, 62)
    (80, 42)
    (81, 27)
conf# 3  prods: [|781; 771|]
    (24, 45)
    (24, 45)
    (24, 45)
conf# 3  prods: [|1717; 1717|]
    (6, 8)
    (5, 8)
    (3, 8)
conf# 3  prods: [|1717; 1717; 1717|]
    (4, 8)
    (2, 8)
    (2, 8)
conf# 2  prods: [|150; 149|]
    (21, 58)
    (21, 24)
conf# 2  prods: [|786; 782|]
    (18, 58)
    (15, 80)
conf# 2  prods: [|5; 6|]
    (41, 52)
    (44, 32)
conf# 2  prods: [|60; 61|]
    (53, 57)
    (62, 57)
conf# 2  prods: [|288; 288|]
    (53, 57)
    (62, 57)
conf# 2  prods: [|1636; 1636; 1636; 1636|]
    (46, 8)
    (41, 8)
conf# 1  prods: [|22; 23|]
    (21, 24)
conf# 1  prods: [|1613; 1606|]
    (38, 14)
conf# 1  prods: [|1613; 1614|]
    (44, 32)
conf# 1  prods: [|1593; 1593; 1593; 1593|]
    (75, 27)
conf# 1  prods: [|63; 64|]
    (44, 32)
conf# 1  prods: [|66; 67|]
    (41, 52)
conf# 1  prods: [|1592; 1592|]
    (24, 34)
conf# 1  prods: [|1592; 1592; 1592|]
    (24, 45)
conf# 1  prods: [|1636; 1636; 1636; 1636; 1636|]
    (24, 8)
conf# 1  prods: [|161; 162|]
    (15, 15)
