Time for parse file C:\Users\Anastasiya\Desktop\Projects\re\recursive-ascent\Tests\materials\ms-sql\sysprocs\sp_addserver.sql = 00:00:05.4243103
conf# 34  prods: [|770; 771|]
    (53, 52)
    (53, 62)
    (53, 72)
    (53, 80)
    (53, 88)
conf# 32  prods: [|52; 52|]
    (53, 67)
    (53, 77)
    (53, 85)
    (53, 96)
    (54, 38)
conf# 32  prods: [|1595; 1595|]
    (46, 8)
    (44, 8)
    (38, 8)
    (33, 8)
    (31, 8)
conf# 21  prods: [|1556; 1556|]
    (27, 25)
    (26, 25)
    (26, 25)
    (35, 25)
    (34, 25)
conf# 17  prods: [|757; 776|]
    (42, 32)
    (42, 38)
    (42, 44)
    (42, 50)
    (42, 56)
conf# 13  prods: [|776; 757|]
    (20, 53)
    (23, 53)
    (53, 96)
    (54, 65)
    (55, 104)
conf# 13  prods: [|1595; 1595; 1595|]
    (41, 8)
    (32, 8)
    (24, 8)
    (15, 8)
    (41, 32)
conf# 6  prods: [|1556; 1556; 1556|]
    (48, 25)
    (48, 25)
    (80, 42)
    (79, 42)
    (79, 42)
conf# 4  prods: [|1595; 1595; 1595; 1595|]
    (41, 8)
    (41, 32)
    (46, 8)
    (41, 8)
conf# 4  prods: [|1677; 1677; 1677|]
    (46, 8)
    (4, 8)
    (2, 8)
    (2, 8)
conf# 3  prods: [|1483; 1484|]
    (15, 8)
    (18, 58)
    (15, 80)
conf# 3  prods: [|1576; 1579|]
    (15, 8)
    (18, 58)
    (15, 80)
conf# 3  prods: [|1552; 1551|]
    (46, 24)
    (48, 35)
    (71, 30)
conf# 3  prods: [|1571; 1570|]
    (49, 16)
    (58, 16)
    (58, 16)
conf# 3  prods: [|765; 755|]
    (24, 45)
    (24, 45)
    (24, 45)
conf# 3  prods: [|1595; 1595; 1595; 1595; 1595|]
    (24, 8)
    (24, 32)
    (24, 8)
conf# 3  prods: [|656; 656|]
    (79, 62)
    (80, 42)
    (81, 27)
conf# 3  prods: [|1677; 1677|]
    (71, 8)
    (5, 8)
    (3, 8)
conf# 2  prods: [|769; 766|]
    (18, 58)
    (15, 80)
conf# 2  prods: [|275; 275|]
    (53, 57)
    (62, 57)
conf# 1  prods: [|766; 775|]
    (19, 75)
conf# 1  prods: [|1576; 1569|]
    (38, 14)
conf# 1  prods: [|1576; 1577|]
    (44, 32)
conf# 1  prods: [|1555; 1555|]
    (24, 34)
conf# 1  prods: [|1555; 1555; 1555|]
    (24, 45)
conf# 1  prods: [|1556; 1556; 1556; 1556|]
    (75, 27)
conf# 1  prods: [|1677; 1677; 1677; 1677|]
    (6, 8)
