14766   
14767   
100294  
100295  
100296  
100297  
130140  
130140  
130141  
130141  
168676  
168676  
168677  
168677  
168854  
168855  
168856  
168857  
168858  
168859  
177690  
177691  
177692  
177693  
202954  
202954  
202955  
202955  
206994  
206995  
257316  
257317  
262052  
262052  
262053  
262053  
325048  
325049  
353030  
353031  
376156  
376157  
391268  
391269  
393560  
393561  
393562  
393563  
393564  
393565  
430332  
430333  
436992  
436993  
471244  
471245  
486090  
486090  
486091  
486091  
580620  
580621  
587708  
587709  
608636  
608637  
608638  
608639  
609158  
609159  
622196  
622197  
633644  
633645  
655256  
655256  
655257  
655257  
672126  
672127  
672128  
672129  
696360  
696361  
712754  
712755  
734562  
734563  
749310  
749311  
766942  
766943  
782040  
782041  
796266  
796267  
798824  
798825  
811346  
811347  
847824  
847825  
868848  
868849  
912908  
912909  
915154  
915154  
915155  
915155  
919692  
919693  
978884  
978885  
1015676 
1015677 
1015680 
1015680 
1015681 
1015681 
1030794 
1030794 
1030795 
1030795 
1054806 
1054807 
1077574 
1077575 
1081324 
1081325 
1100846 
1100847 
1122414 
1122415 
1123380 
1123381 
1125864 
1125865 
1192960 
1192961 
1213044 
1213045 
1217632 
1217633 
1217634 
1217635 
1244876 
1244877 
1262002 
1262003 
1290138 
1290139 
1296188 
1296189 
1327068 
1327069 
1338412 
1338413 
1338414 
1338415 
1359062 
1359063 
1388452 
1388452 
1388452 
1388453 
1388453 
1388453 
1424960 
1424961 
1489622 
1489623 
1537868 
1537869 
1542838 
1542839 
1558352 
1558353 
1558354 
1558355 
1558356 
1558357 
1563206 
1563207 
1602790 
1602791 
1647268 
1647269 
1666996 
1666997 
1676820 
1676821 
1714916 
1714917 
1739460 
1739460 
1739460 
1739461 
1739461 
1739461 
1755752 
1755752 
1755753 
1755753 
1763972 
1763973 
1767788 
1767789 
1769506 
1769507 
1780488 
1780489 
1780490 
1780491 
1803920 
1803921 
1821136 
1821137 
1825350 
1825350 
1825350 
1825350 
1825351 
1825351 
1825351 
1825351 
1850306 
1850307 
1859410 
1859411 
1872194 
1872195 
1888252 
1888253 
1904486 
1904487 
1911958 
1911959 
1949594 
1949594 
1949594 
1949594 
1949595 
1949595 
1949595 
1949595 
2046886 
2046887 
2100228 
2100229 
2113304 
2113305 
2129910 
2129910 
2129911 
2129911 
2143528 
2143529 
2195010 
2195010 
2195011 
2195011 
2300450 
2300451 
2309968 
2309969 
2309972 
2309973 
2311392 
2311393 
2315776 
2315777 
2411644 
2411645 
2413516 
2413517 
2422022 
2422022 
2422023 
2422023 
2445576 
2445576 
2445576 
2445577 
2445577 
2445577 
2482192 
2482193 
2486028 
2486028 
2486029 
2486029 
2492318 
2492319 
2505532 
2505533 
2538386 
2538387 
2538388 
2538389 
2616862 
2616863 
2624722 
2624723 
2642320 
2642321 
2723340 
2723341 
2743884 
2743885 
2785244 
2785244 
2785245 
2785245 
2795260 
2795261 
2796668 
2796669 
2848338 
2848339 
2848340 
2848341 
2858724 
2858725 
2870288 
2870288 
2870289 
2870289 
2870290 
2870291 
2883800 
2883801 
2887486 
2887487 
2893496 
2893497 
2926890 
2926891 
2930056 
2930057 
2933888 
2933889 
2958096 
2958096 
2958097 
2958097 
2962846 
2962846 
2962847 
2962847 
2970486 
2970487 
2980690 
2980691 
2990378 
2990379 
3032848 
3032848 
3032849 
3032849 
3171436 
3171436 
3171437 
3171437 
3225766 
3225767 
3229854 
3229855 
3229858 
3229859 
3235890 
3235891 
3235892 
3235893 
3254100 
3254101 
3259710 
3259710 
3259711 
3259711 
3267914 
3267915 
3267920 
3267921 
3272104 
3272104 
3272105 
3272105 
3279254 
3279255 
3312782 
3312783 
3381120 
3381121 
3382562 
3382563 
3389524 
3389525 
3394424 
3394424 
3394425 
3394425 
3399616 
3399617 
3399618 
3399619 
3471368 
3471368 
3471369 
3471369 
3474492 
3474493 
3474494 
3474495 
3483196 
3483197 
3485090 
3485091 
3532608 
3532609 
3533954 
3533955 
3554562 
3554563 
3554564 
3554565 
3554566 
3554567 
3577602 
3577602 
3577603 
3577603 
3579498 
3579499 
3595520 
3595521 
3634948 
3634949 
3634952 
3634953 
3668502 
3668503 
3714382 
3714383 
3729810 
3729811 
3740898 
3740899 
3743846 
3743847 
3752788 
3752789 
3754986 
3754987 
3789136 
3789136 
3789137 
3789137 
3825082 
3825082 
3825083 
3825083 
3825086 
3825086 
3825087 
3825087 
3830286 
3830286 
3830286 
3830286 
3830287 
3830287 
3830287 
3830287 
3869294 
3869295 
3879380 
3879381 
3887158 
3887159 
3893038 
3893039 
3940760 
3940760 
3940761 
3940761 
3952724 
3952725 
3979366 
3979367 
4012900 
4012901 
4029210 
4029211 
4030476 
4030477 
4043932 
4043933 
4057332 
4057332 
4057333 
4057333 
4094780 
4094781 
4110714 
4110714 
4110715 
4110715 
4136486 
4136487 
4199078 
4199078 
4199079 
4199079 
4222594 
4222595 
4228114 
4228115 
4236192 
4236193 
4241982 
4241982 
4241983 
4241983 
4256880 
4256881 
4257794 
4257795 
4264674 
4264675 
4294276 
4294277 
4294278 
4294278 
4294279 
4294279 
4309520 
4309521 
4327912 
4327913 
4328988 
4328988 
4328989 
4328989 
4331778 
4331779 
4347824 
4347825 
4350818 
4350819 
4354838 
4354839 
4354840 
4354841 
4362926 
4362927 
4362930 
4362931 
4387106 
4387107 
4387108 
4387109 
4387870 
4387871 
4404646 
4404647 
4414468 
4414469 
4421652 
4421653 
4460792 
4460792 
4460793 
4460793 
4479144 
4479144 
4479145 
4479145 
4496392 
4496393 
4547814 
4547815 
4596120 
4596121 
4597860 
4597861 
4617644 
4617645 
4665868 
4665869 
4685332 
4685333 
4734570 
4734571 
4735372 
4735373 
4759660 
4759660 
4759661 
4759661 
4789520 
4789521 
4792392 
4792393 
4840966 
4840967 
4860504 
4860505 
4889674 
4889675 
4901142 
4901143 
4918590 
4918591 
4932192 
4932193 
4950092 
4950093 
4987684 
4987684 
4987685 
4987685 
4994412 
4994413 
5011158 
5011159 
5011988 
5011989 
5029032 
5029033 
5059750 
5059751 
5090202 
5090202 
5090203 
5090203 
5096302 
5096303 
5143816 
5143817 
5144374 
5144375 
5145246 
5145247 
5153282 
5153283 
5160294 
5160295 
5160296 
5160297 
5166234 
5166234 
5166234 
5166235 
5166235 
5166235 
5169032 
5169033 
5176552 
5176553 
5183504 
5183505 
5188548 
5188548 
5188549 
5188549 
5214230 
5214231 
5214234 
5214235 
5270764 
5270765 
5270768 
5270769 
5287582 
5287582 
5287583 
5287583 
5344244 
5344245 
5351410 
5351411 
5391364 
5391365 
5391368 
5391369 
5392404 
5392404 
5392405 
5392405 
5408614 
5408614 
5408615 
5408615 
5411844 
5411845 
5449294 
5449294 
5449295 
5449295 
5449296 
5449296 
5449297 
5449297 
5472042 
5472043 
16493564
16493565
16495236
16495237
16495602
16495603
16498740
16498741
16499902
16499902
16499903
16499903
16499950
16499951
16500796
16500797
16502252
16502253
16503808
16503809
16505270
16505271
16505286
16505287
16520158
16520159
16520974
16520975
16558142
16558143
16594314
16594315
16618672
16618673
16624806
16624806
16624807
16624807
16626266
16626266
16626267
16626267
16629488
16629489
16701802
16701803
16726950
16726951
16743602
16743602
16743603
16743603
16752316
16752317
16784180
16784181
16793630
16793631
16793902
16793903
16795700
16795701
16813756
16813757
16865084
16865085
16883716
16883717
16893248
16893248
16893248
16893249
16893249
16893249
16913306
16913307
16940452
16940453
16940464
16940465
16947300
16947301
16963476
16963477
16982946
16982947
16991362
16991363
17017242
17017243
17023326
17023326
17023327
17023327
17029120
17029121
17095172
17095173
17121960
17121961
17123832
17123833
17124278
17124279
17124350
17124351
17126316
17126316
17126317
17126317
17174042
17174043
17198620
17198621
17203954
17203955
17204270
17204271
17212002
17212003
17222256
17222256
17222257
17222257
17245644
17245645
17280064
17280065
17282520
17282521
17283274
17283274
17283275
17283275
17295212
17295213
17310760
17310761
17313910
17313911
17315498
17315499
17327032
17327033
17331014
17331015
17332034
17332035
17332300
17332301
17335198
17335198
17335199
17335199
17338144
17338145
17344110
17344111
17350418
17350419
17385560
17385561
17396180
17396181
17402776
17402777
17423900
17423901
17432166
17432167
17448294
17448295
17451678
17451679
17453786
17453787
17455572
17455572
17455572
17455572
17455573
17455573
17455573
17455573
17472740
17472741
17481632
17481632
17481632
17481633
17481633
17481633
17484178
17484179
17499278
17499279
17511736
17511737
17517960
17517961
17520084
17520084
17520085
17520085
17524402
17524403
17535614
17535615
17545664
17545665
17547578
17547579
17548182
17548183
17552330
17552331
17557660
17557661
17560744
17560745
17580638
17580639
17587858
17587858
17587859
17587859
17596210
17596211
17605418
17605419
17606974
17606975
17607578
17607579
17613282
17613283
17616482
17616483
17617022
17617023
17627222
17627222
17627223
17627223
17629570
17629571
17646532
17646533
17649870
17649871
17649958
17649959
17650696
17650697
17667428
17667428
17667428
17667429
17667429
17667429
17675248
17675248
17675249
17675249
17675536
17675537
17677704
17677705
17678580
17678581
17690026
17690027
17712596
17712597
17712870
17712871
17714544
17714545
17721140
17721141
17725424
17725425
17726146
17726147
17726482
17726482
17726483
17726483
17728534
17728534
17728535
17728535
17728714
17728715
17757140
17757140
17757141
17757141
17757516
17757517
17765420
17765421
17771166
17771167
17786714
17786714
17786715
17786715
17792728
17792728
17792729
17792729
17811652
17811653
17823430
17823431
17827674
17827675
17835843
17835844
17838083
17838083
17838083
17838083
17838084
17838084
17838084
17838084
17838103
17838104
17838659
17838660
17839465
17839465
17839466
17839466
17842021
17842022
17845049
17845050
17855063
17855064
17855091
17855092
17856319
17856320
17861909
17861910
17862641
17862642
17868145
17868146
17868899
17868899
17868900
17868900
17869507
17869508
17871083
17871084
17871661
17871662
17872559
17872560
17877629
17877629
17877630
17877630
17877723
17877724
17882023
17882024
17882461
17882462
17884231
17884232
17888667
17888668
17888703
17888703
17888704
17888704
17890079
17890079
17890080
17890080
17899309
17899309
17899310
17899310
17901943
17901943
17901944
17901944
17905289
17905290
17907673
17907674
17911801
17911802
17916473
17916474
17920119
17920120
17925661
17925662
17930693
17930693
17930694
17930694
17932221
17932222
17947563
17947564
17947661
17947661
17947661
17947662
17947662
17947662
17956029
17956029
17956030
17956030
17962361
17962362
17964591
17964592
17969013
17969014
17970313
17970314
17971635
17971636
17975423
17975424
17983257
17983258
17985679
17985680
17988581
17988582
17990393
17990393
17990394
17990394
17991327
17991328
17993707
17993707
17993708
17993708
17994311
17994311
17994312
17994312
17994679
17994679
17994679
17994679
17994679
17994680
17994680
17994680
17994680
17994680
17998223
17998224
17998779
17998780
18000185
18000186
18003197
18003198
18008967
18008967
18008968
18008968
18009175
18009176
18017437
18017438
18022207
18022208
18027269
18027270
18028665
18028666
18032219
18032220
18034309
18034310
18035169
18035169
18035170
18035170
18036603
18036604
18041067
18041068
18044411
18044411
18044412
18044412
18046405
18046406
18049441
18049442
18050607
18050608
18052457
18052458
18052637
18052637
18052638
18052638
18053511
18053512
18058599
18058599
18058600
18058600
18059287
18059288
18061385
18061386
18063029
18063030
18067429
18067430
18068151
18068152
18070047
18070048
18070237
18070238
18071837
18071838
18074373
18074374
18081247
18081248
18081505
18081506
18081549
18081550
18082135
18082136
18085687
18085688
18089723
18089724
18101805
18101806
18102175
18102176
18103751
18103752
18107051
18107052
18111987
18111988
18112013
18112013
18112013
18112014
18112014
18112014
18112405
18112405
18112406
18112406
18113683
18113684
18115453
18115454
18132125
18132126
18133375
18133376
18133731
18133731
18133731
18133731
18133731
18133732
18133732
18133732
18133732
18133732
18134171
18134171
18134171
18134171
18134171
18134172
18134172
18134172
18134172
18134172
18134579
18134580
18134719
18134720
18135161
18135161
18135161
18135161
18135162
18135162
18135162
18135162
18137985
18137986
18142027
18142028
18143001
18143002
18143141
18143142
18143675
18143676
18144017
18144018
18144839
18144840
18145793
18145794
18148101
18148102
18150379
18150379
18150380
18150380
18150761
18150762
18151597
18151598
18155407
18155408
18155523
18155524
18156265
18156265
18156266
18156266
18156435
18156436
18157509
18157510
18158697
18158698
18159259
18159260
18161823
18161824
18164131
18164132
18166663
18166664
18167729
18167730
18168879
18168880
18170473
18170474
18173287
18173287
18173288
18173288
18175517
18175518
18175967
18175968
18179143
18179144
18179843
18179844
18180387
18180388
18182425
18182426
18182461
18182461
18182462
18182462
18183159
18183160
18183701
18183702
18186003
18186003
18186004
18186004
18188429
18188430
18192517
18192518
18192519
18192520
18192757
18192758
18193529
18193530
18193879
18193880
18193881
18193882
18194473
18194474
18194963
18194964
18196173
18196173
18196174
18196174
18196317
18196318
18197141
18197141
18197142
18197142
18197689
18197689
18197690
18197690
18198017
18198018
18200137
18200138
18200185
18200185
18200186
18200186
18200305
18200306
18200971
18200972
18201707
18201708
18202379
18202380
18202529
18202529
18202529
18202530
18202530
18202530
18202567
18202568
18202569
18202570
18203531
18203532
18204295
18204296
18204911
18204912
18205069
18205070
18205393
18205394
18206367
18206368
18206717
18206718
18207055
18207056
18207059
18207060
18208377
18208378
18209081
18209082
18211229
18211230
18211765
18211766
18211917
18211918
18214501
18214502
18214785
18214785
18214785
18214785
18214786
18214786
18214786
18214786
18214799
18214800
18214913
18214914
18216125
18216125
18216126
18216126
18216991
18216992
18217615
18217616
18218855
18218855
18218856
18218856
18219015
18219016
18219871
18219872
18219919
18219920
18222239
18222240
18222623
18222624
18223007
18223008
18223391
18223392
18223731
18223732
18223829
18223829
18223829
18223830
18223830
18223830
18228519
18228520
18228685
18228685
18228686
18228686
18228687
18228687
18228688
18228688
18229989
18229989
18229989
18229990
18229990
18229990
18230013
18230014
18230053
18230054
18232259
18232259
18232260
18232260
18232451
18232452
18233475
18233476
18233585
18233586
18236097
18236098
18236323
18236324
18237517
18237518
18239507
18239508
18243831
18243832
18245467
18245468
18245707
18245708
18246567
18246567
18246568
18246568
18249743
18249744
18255101
18255101
18255102
18255102
18258041
18258042
18260179
18260179
18260180
18260180
18265785
18265785
18265786
18265786
18269615
18269616
18269871
18269872
18271963
18271964
18272123
18272123
18272124
18272124
18275297
18275298
18276125
18276126
18277659
18277660
18279177
18279178
18279321
18279321
18279321
18279322
18279322
18279322
18280387
18280387
18280388
18280388
18281181
18281182
18286549
18286550
18290185
18290185
18290185
18290186
18290186
18290186
18292553
18292554
18294483
18294484
18296265
18296266
18297267
18297268
18299473
18299473
18299474
18299474
18301735
18301736
18302091
18302092
18303713
18303714
18303777
18303778
18306215
18306216
18306925
18306926
18308457
18308458
18309463
18309464
18310873
18310873
18310874
18310874
18311383
18311384
18312033
18312034
18312135
18312136
18313593
18313594
18314335
18314336
18317275
18317276
18319635
18319635
18319636
18319636
18319851
18319852
18320229
18320230
18322407
18322408
18325191
18325192
18326903
18326904
18332339
18332340
18334001
18334002
18337031
18337032
18344877
18344878
18345119
18345119
18345120
18345120
18346823
18346824
18355023
18355024
18355063
18355063
18355063
18355064
18355064
18355064
18355809
18355810
18361239
18361240
18364171
18364172
18364911
18364911
18364912
18364912
18366423
18366424
18366503
18366504
18369737
18369738
18371707
18371708
18375101
18375102
18375225
18375226
18378225
18378226
18378283
18378284
18378491
18378491
18378492
18378492
18383785
18383786
18384443
18384444
18385139
18385139
18385139
18385140
18385140
18385140
18386057
18386057
18386058
18386058
18386229
18386230
18387475
18387476
18388865
18388866
18390669
18390670
18391535
18391536
18392662
18392663
18394924
18394925
18396876
18396876
18396877
18396877
18397576
18397576
18397577
18397577
18400108
18400109
18400662
18400663
18401114
18401115
18403990
18403991
18406018
18406018
18406019
18406019
18406984
18406985
18407786
18407787
18408524
18408525
18411362
18411363
18412470
18412471
18412620
18412621
18412964
18412965
18415962
18415963
18417670
18417671
18419996
18419997
18420408
18420408
18420409
18420409
18421232
18421232
18421233
18421233
18421594
18421595
18422418
18422418
18422419
18422419
18423012
18423013
18426420
18426421
18430568
18430569
18430886
18430887
18432748
18432749
18432852
18432852
18432852
18432853
18432853
18432853
18433714
18433715
18434132
18434133
18434522
18434522
18434523
18434523
18435046
18435046
18435047
18435047
18435122
18435123
18439240
18439241
18442356
18442357
18446108
18446109
18447968
18447969
18451798
18451799
18462870
18462870
18462871
18462871
18463468
18463469
18464580
18464581
18465482
18465483
18468424
18468425
18469202
18469203
18477930
18477931
18481342
18481342
18481343
18481343
18481356
18481357
18482754
18482755
18489340
18489341
18491968
18491969
18495074
18495075
18495134
18495135
18497774
18497775
18497910
18497911
18499544
18499545
18500066
18500067
18500268
18500269
18501374
18501375
18502112
18502113
18502778
18502779
18502856
18502857
18504196
18504197
18508862
18508863
18509458
18509459
18512916
18512917
18514838
18514839
18516392
18516393
18516906
18516906
18516907
18516907
18520342
18520343
18520910
18520910
18520911
18520911
18521052
18521053
18521706
18521707
18523972
18523973
18525814
18525815
18526470
18526471
18526554
18526555
18526986
18526987
18530282
18530283
18531804
18531805
18532790
18532791
18536070
18536071
18536166
18536167
18537194
18537194
18537195
18537195
18537544
18537545
18540474
18540475
18544328
18544329
18544654
18544654
18544654
18544655
18544655
18544655
18545574
18545575
18548830
18548831
18549860
18549861
18556952
18556952
18556953
18556953
18559492
18559493
18560468
18560469
18561814
18561815
18563490
18563491
18564684
18564685
18565932
18565933
18566676
18566677
18567030
18567031
18567456
18567457
18567472
18567472
18567473
18567473
18567576
18567577
18568378
18568378
18568379
18568379
18575660
18575661
18576062
18576063
18576886
18576887
18578102
18578103
18580048
18580049
18582816
18582817
18584920
18584921
18587410
18587411
18588030
18588031
18588368
18588369
18589044
18589045
18590252
18590252
18590253
18590253
18590988
18590988
18590989
18590989
18597016
18597017
18603527
18603528
18604249
18604250
18605387
18605388
18607115
18607116
18607279
18607280
18608315
18608315
18608316
18608316
18609329
18609330
18609961
18609962
18612099
18612100
18612833
18612834
18613045
18613046
18615721
18615721
18615721
18615722
18615722
18615722
18616087
18616087
18616088
18616088
18616377
18616377
18616378
18616378
18617049
18617050
18618131
18618132
18618475
18618476
18620779
18620780
18621077
18621078
18621089
18621090
18622761
18622762
18623341
18623342
18624059
18624060
18628123
18628123
18628124
18628124
18628751
18628752
18631799
18631799
18631800
18631800
18633077
18633078
18633573
18633574
18638073
18638073
18638074
18638074
18638919
18638920
18640165
18640166
18640541
18640542
18640957
18640958
18641005
18641006
18643865
18643866
18645267
18645267
18645268
18645268
18645381
18645382
18645577
18645578
18645929
18645930
18646061
18646061
18646062
18646062
18646687
18646688
18649635
18649635
18649636
18649636
18650479
18650480
18654305
18654305
18654305
18654306
18654306
18654306
18657357
18657358
18658073
18658074
18658361
18658362
18659211
18659212
18660235
18660236
18660449
18660450
18661201
18661202
18662167
18662168
18662895
18662896
18665009
18665010
18666813
18666814
18667091
18667092
18667307
18667308
18667777
18667778
18668023
18668023
18668024
18668024
18668537
18668538
18670289
18670290
18671097
18671098
18672479
18672479
18672480
18672480
18674221
18674222
18674301
18674301
18674302
18674302
18677309
18677310
18677819
18677820
18682029
18682029
18682030
18682030
18683863
18683864
18684211
18684212
18685607
18685608
18685751
18685752
18685845
18685846
18687047
18687048
18687081
18687081
18687082
18687082
18687925
18687926
18690813
18690813
18690814
18690814
18691261
18691261
18691262
18691262
18693459
18693460
18694655
18694655
18694656
18694656
18694949
18694950
18695131
18695132
18695379
18695379
18695379
18695379
18695379
18695380
18695380
18695380
18695380
18695380
18695405
18695406
18697337
18697338
18697483
18697484
18699951
18699952
18700721
18700722
18700777
18700778
18703989
18703990
18704729
18704730
18705593
18705593
18705594
18705594
18708429
18708430
18710855
18710856
18712183
18712184
18712289
18712290
18713303
18713304
18714807
18714808
18716421
18716422
18718037
18718038
18718755
18718756
18718791
18718792
18720587
18720588
18721909
18721910
18723021
18723022
18725467
18725468
18725635
18725636
18725711
18725712
18726221
18726222
18727903
18727904
18730085
18730086
18730331
18730331
18730332
18730332
18731167
18731168
18732083
18732084
18732111
18732112
18734923
18734923
18734924
18734924
18736709
18736710
18736841
18736841
18736841
18736842
18736842
18736842
18736967
18736968
18737269
18737270
18738891
18738892
18739811
18739811
18739812
18739812
18739901
18739902
18740079
18740080
18740265
18740266
18740353
18740354
18740637
18740637
18740638
18740638
18742349
18742349
18742349
18742350
18742350
18742350
18742521
18742522
18742793
18742794
18743169
18743170
18743985
18743986
18744351
18744352
18744385
18744386
18747863
18747864
18749347
18749348
18749517
18749518
18750225
18750226
18750963
18750963
18750963
18750963
18750963
18750964
18750964
18750964
18750964
18750964
18751391
18751392
18752643
18752644
18753291
18753291
18753292
18753292
18753581
18753582
18753585
18753586
18753891
18753892
18754203
18754204
18755145
18755146
18755671
18755672
18755881
18755882
18758283
18758283
18758284
18758284
18758333
18758334
18758701
18758701
18758702
18758702
18758799
18758800
18759481
18759482
18760803
18760804
18762625
18762626
18762695
18762696
18763629
18763629
18763630
18763630
18763663
18763663
18763664
18763664
18764357
18764358
18764731
18764732
18765655
18765656
18766163
18766163
18766164
18766164
18766421
18766421
18766422
18766422
18766925
18766925
18766925
18766926
18766926
18766926
18769105
18769106
18769195
18769196
18770839
18770840
18771193
18771193
18771194
18771194
18771621
18771622
18774465
18774466
18777193
18777194
18777551
18777552
18777619
18777620
18778091
18778092
18778385
18778385
18778386
18778386
18780715
18780716
18781690
18781691
18785271
18785272
18786303
18786304
18786365
18786366
18786547
18786548
18786795
18786796
18787243
18787244
18787691
18787691
18787692
18787692
18788273
18788274
18788401
18788402
18789505
18789506
18789759
18789760
18790659
18790660
18791219
18791220
18791643
18791644
18791853
18791854
18792129
18792130
18792691
18792692
18793121
18793122
18793289
18793290
18794671
18794672
18794825
18794825
18794826
18794826
18796153
18796154
18796789
18796789
18796790
18796790
18797406
18797407
18797442
18797442
18797443
18797443
18797812
18797813
18797948
18797949
18799171
18799172
18799211
18799212
18799493
18799494
18799639
18799640
18800185
18800186
18801403
18801404
18801409
18801410
18801835
18801836
18802141
18802142
18802163
18802163
18802164
18802164
18802227
18802228
18802303
18802304
18802525
18802526
18803171
18803172
18803675
18803676
18804139
18804140
18804169
18804169
18804170
18804170
18804357
18804358
18804593
18804594
18804647
18804648
18804831
18804832
18805177
18805178
18806831
18806831
18806832
18806832
18807135
18807136
18807173
18807174
18807191
18807192
18807203
18807204
18807213
18807213
18807214
18807214
18807809
18807810
18808123
18808124
18808431
18808431
18808432
18808432
18808817
18808818
18808873
18808873
18808874
18808874
18808913
18808914
18808929
18808930
18809025
18809025
18809026
18809026
18809961
18809962
18810245
18810246
18810475
18810476
18810659
18810660
18810951
18810951
18810952
18810952
18811115
18811116
18812379
18812380
18812623
18812623
18812624
18812624
18812701
18812701
18812701
18812702
18812702
18812702
18813949
18813950
18814349
18814350
18816141
18816142
18816989
18816990
18817387
18817388
18817619
18817620
18818045
18818046
18818261
18818262
18818309
18818310
18818425
18818425
18818425
18818426
18818426
18818426
18818673
18818674
18818929
18818930
18819319
18819320
18819817
18819818
18820199
18820199
18820200
18820200
18820755
18820756
18821081
18821082
18821113
18821114
18821839
18821839
18821840
18821840
18822597
18822598
18824066
18824067
18824640
18824641
18824880
18824881
18825282
18825283
18825618
18825619
18826036
18826037
18826092
18826093
18827206
18827206
18827207
18827207
18827392
18827393
18827520
18827521
18828240
18828241
18828420
18828421
18828718
18828719
18829006
18829006
18829007
18829007
18829474
18829475
18829512
18829513
18830164
18830165
18832020
18832021
18832458
18832459
18832512
18832513
18832548
18832549
18832606
18832607
18832660
18832661
18832684
18832685
18832772
18832772
18832773
18832773
18834066
18834067
18835192
18835193
18835326
18835327
18835426
18835426
18835427
18835427
18835610
18835611
18835776
18835776
18835777
18835777
18835910
18835911
18835928
18835929
18837184
18837185
18837262
18837263
18837272
18837273
18837362
18837362
18837363
18837363
18837946
18837947
18838152
18838153
18838262
18838262
18838262
18838263
18838263
18838263
18838582
18838583
18838910
18838910
18838911
18838911
18839352
18839353
18839554
18839554
18839554
18839555
18839555
18839555
18839604
18839605
18839834
18839835
18840058
18840058
18840058
18840059
18840059
18840059
18840254
18840255
18840428
18840428
18840429
18840429
18840938
18840938
18840939
18840939
18841210
18841211
18841676
18841676
18841676
18841676
18841677
18841677
18841677
18841677
18841680
18841681
18842042
18842042
18842042
18842042
18842043
18842043
18842043
18842043
18842104
18842105
18842264
18842264
18842264
18842265
18842265
18842265
18842292
18842293
18842482
18842483
18842550
18842551
18842600
18842601
18842624
18842625
18842688
18842688
18842689
18842689
18842694
18842694
18842694
18842695
18842695
18842695
18842716
18842717
18842824
18842824
18842824
18842824
18842825
18842825
18842825
18842825
18843040
18843040
18843041
18843041
18843102
18843103
18843108
18843108
18843109
18843109
18843132
18843133
18843360
18843360
18843361
18843361
18843572
18843573
18845046
18845047
18845076
18845077
18845082
18845083
18845086
18845087
18845316
18845317
18845382
18845383
18845404
18845404
18845405
18845405
18845498
18845499
18845660
18845660
18845661
18845661
18845816
18845817
18845892
18845893
18845974
18845975
18846008
18846009
18846218
18846219
18846318
18846319
18846712
18846713
18846802
18846802
18846803
18846803
18846948
18846948
18846948
18846949
18846949
18846949
18847122
18847123
18847244
18847245
18847384
18847384
18847385
18847385
18847940
18847941
18848134
18848135
18848156
18848157
18848176
18848177
18848248
18848249
18850088
18850088
18850089
18850089
18850174
18850175
18850340
18850341
18850616
18850616
18850617
18850617
18850982
18850983
18853030
18853031
18854788
18854789
18855490
18855491
18856050
18856051
18856792
18856793
18856894
18856895
18859100
18859101
18859210
18859210
18859211
18859211
18860332
18860333
18860424
18860425
18861046
18861047
18861546
18861547
18861986
18861987
18862092
18862093
18863338
18863339
18863540
18863541
18865018
18865019
18865120
18865121
18866078
18866079
18868120
18868120
18868121
18868121
18871130
18871130
18871131
18871131
18871354
18871355
18871362
18871363
18871936
18871936
18871937
18871937
18873078
18873079
18874284
18874285
18874320
18874321
18874498
18874499
18874770
18874771
18874818
18874819
18876714
18876715
18877024
18877025
18877042
18877043
18877228
18877229
18879540
18879541
18881068
18881069
18881098
18881099
18883700
18883700
18883701
18883701
18883762
18883763
18883910
18883911
18885136
18885137
18886044
18886044
18886044
18886045
18886045
18886045
18886896
18886897
18888052
18888053
18889680
18889681
18890050
18890051
18890474
18890475
18891516
18891517
18893538
18893539
18893682
18893683
18893924
18893925
18893928
18893929
18894282
18894283
18894490
18894491
18894494
18894495
18894624
18894625
18897584
18897585
18898092
18898093
18898904
18898905
18899326
18899327
18902104
18902105
18902166
18902167
18905990
18905991
18906722
18906722
18906723
18906723
18907862
18907863
18909522
18909523
18911094
18911095
18915864
18915865
18916356
18916357
18916962
18916963
18918078
18918079
18918776
18918777
18923010
18923011
18923682
18923683
18924486
18924487
18924620
18924621
18925856
18925857
18926698
18926699
18926792
18926793
18927194
18927195
18930960
18930961
18931122
18931123
18933016
18933017
18934354
18934354
18934355
18934355
18944624
18944625
18947012
18947013
18949232
18949233
18949970
18949971
18949990
18949991
18950294
18950295
18951486
18951487
18954758
18954759
18954760
18954760
18954761
18954761
18956176
18956177
18956184
18956185
18956510
18956511
18963192
18963193
18981856
18981857
18981858
18981859
18985996
18985997
18986710
18986710
18986710
18986711
18986711
18986711
18986948
18986949
18986998
18986999
18987022
18987023
18987358
18987359
18987374
18987375
18987530
18987531
18987560
18987560
18987561
18987561
18987574
18987575
18987616
18987616
18987616
18987616
18987616
18987616
18987616
18987617
18987617
18987617
18987617
18987617
18987617
18987617
18987956
18987956
18987957
18987957
18988048
18988049
18988096
18988097
18988128
18988129
18988242
18988243
18988290
18988291
18988476
18988477
18988534
18988535
18988886
18988887
18989418
18989418
18989418
18989419
18989419
18989419
18989424
18989425
18989482
18989483
18990418
18990419
18990488
18990489
18991162
18991163
18991826
18991827
18991828
18991829
18991988
18991989
18992010
18992011
18992012
18992013
18992328
18992329
18992510
18992511
18992726
18992727
18993042
18993043
18993338
18993339
18993340
18993341
18993430
18993431
18994190
18994190
18994191
18994191
18994378
18994378
18994378
18994378
18994379
18994379
18994379
18994379
18994512
18994513
18994830
18994831
18994880
18994881
18995426
18995427
18995944
18995944
18995944
18995945
18995945
18995945
18996426
18996427
18996428
18996429
18997308
18997309
18997358
18997359
18997394
18997395
18997592
18997592
18997593
18997593
18997596
18997597
18997660
18997661
18997680
18997681
18997788
18997789
18997790
18997791
18997830
18997831
18998086
18998087
18998292
18998293
18998346
18998347
18998746
18998747
18998796
18998797
18999292
18999293
18999532
18999533
19000004
19000005
19000142
19000143
19000188
19000189
19000190
19000191
19000308
19000309
19000894
19000894
19000895
19000895
19001388
19001388
19001389
19001389
19001590
19001591
19001936
19001937
19002074
19002075
19002354
19002355
19002798
19002798
19002798
19002799
19002799
19002799
19002882
19002883
19003206
19003207
19003208
19003209
19003480
19003481
19003660
19003661
19003960
19003961
19004350
19004351
19004524
19004525
19004600
19004600
19004601
19004601
19004804
19004805
19004808
19004809
19005000
19005000
19005001
19005001
19005342
19005343
19005620
19005621
19005862
19005863
19006038
19006039
19006596
19006597
19006832
19006833
19007004
19007004
19007005
19007005
19007022
19007023
19007074
19007075
19007400
19007401
19007530
19007531
19007536
19007537
19007854
19007855
19007994
19007995
19008262
19008263
19008412
19008413
19008714
19008715
19009018
19009019
19009270
19009270
19009270
19009271
19009271
19009271
19009298
19009299
19009348
19009349
19009434
19009435
19009490
19009491
19009510
19009511
19009660
19009661
19009848
19009849
19009980
19009981
19010010
19010011
19010168
19010169
19010298
19010299
19010392
19010393
19010462
19010463
19010530
19010530
19010530
19010531
19010531
19010531
19010532
19010533
19010552
19010553
19010568
19010569
19010706
19010706
19010706
19010707
19010707
19010707
19010720
19010721
19010726
19010727
19010780
19010781
19010836
19010837
19011006
19011007
19011172
19011172
19011172
19011173
19011173
19011173
19011304
19011305
19011504
19011505
19011588
19011589
19011704
19011705
19011718
19011719
19011748
19011748
19011749
19011749
19011810
19011811
19011820
19011821
19011834
19011835
19011894
19011895
19011952
19011952
19011952
19011953
19011953
19011953
19012330
19012330
19012331
19012331
19012656
19012656
19012657
19012657
19012672
19012672
19012673
19012673
19012744
19012744
19012744
19012745
19012745
19012745
19012774
19012775
19013166
19013167
19013564
19013565
19013572
19013573
19013854
19013855
19013880
19013881
19014042
19014043
19014396
19014397
19014476
19014477
19014920
19014921
19015002
19015003
19015006
19015007
19015140
19015141
19015180
19015180
19015180
19015181
19015181
19015181
19015354
19015355
19015526
19015527
19016308
19016309
19016402
19016403
19016478
19016479
19016562
19016563
19017258
19017259
19017320
19017321
19017456
19017457
19017670
19017671
19018470
19018471
19018486
19018486
19018486
19018487
19018487
19018487
19018556
19018557
19021822
19021823
19024814
19024815
19024816
19024817
19027014
19027015
19027088
19027088
19027089
19027089
19027946
19027947
19028144
19028145
19028366
19028367
19028382
19028383
19028488
19028488
19028488
19028489
19028489
19028489
19028498
19028499
19028778
19028779
19028996
19028997
19029064
19029065
19029178
19029179
19029192
19029193
19029374
19029375
19029410
19029411
19029512
19029512
19029513
19029513
19029730
19029731
19029750
19029751
19029840
19029841
19030048
19030049
19030074
19030074
19030075
19030075
19030362
19030363
19030478
19030478
19030479
19030479
19030540
19030540
19030541
19030541
19030632
19030633
19030746
19030747
19030764
19030764
19030764
19030765
19030765
19030765
19030934
19030935
19031094
19031095
19031228
19031229
19031556
19031557
19031857
19031858
19032057
19032058
19032061
19032062
19032089
19032089
19032090
19032090
19032093
19032094
19032357
19032358
19032373
19032374
19032383
19032384
19032889
19032890
19033109
19033110
19033113
19033114
19033253
19033254
19033309
19033310
19033337
19033338
19033393
19033394
19033449
19033450
19033457
19033458
19033535
19033536
19033685
19033686
19033799
19033800
19033891
19033892
19034317
19034318
19034863
19034864
19034887
19034888
19035031
19035032
19035119
19035120
19035333
19035334
19035393
19035394
19035703
19035704
19036197
19036198
19036441
19036441
19036442
19036442
19036509
19036510
19036843
19036844
19037033
19037034
19037129
19037130
19037373
19037374
19038343
19038344
19038609
19038610
19041744
19041745
19041750
19041751
19041780
19041781
19041924
19041925
19041942
19041942
19041943
19041943
19042016
19042017
19042036
19042037
19042062
19042063
19042122
19042123
19042126
19042127
19042152
19042152
19042153
19042153
19042166
19042167
19042224
19042225
19042266
19042267
19042308
19042309
19042314
19042315
19042332
19042332
19042333
19042333
19042424
19042425
19042432
19042433
19042530
19042531
19042534
19042535
19042588
19042589
19042640
19042640
19042641
19042641
19042642
19042643
19042652
19042653
19042670
19042671
19042674
19042675
19042678
19042679
19042710
19042710
19042711
19042711
19042726
19042727
19042750
19042750
19042751
19042751
19042784
19042785
19042808
19042808
19042809
19042809
19042812
19042812
19042813
19042813
19046918
19046919
19047658
19047659
19048904
19048905
19049438
19049438
19049439
19049439
19050290
19050291
19050946
19050947
19053960
19053960
19053961
19053961
19054194
19054194
19054195
19054195
19054940
19054941
19056496
19056496
19056497
19056497
19058442
19058443
19061466
19061467
19061736
19061737
19063042
19063043
19068198
19068199
19069118
19069119
19069150
19069151
19069192
19069193
19069656
19069657
19071606
19071607
19074992
19074993
19075412
19075413
19079016
19079017
19080012
19080013
19080438
19080439
19080456
19080457
19080488
19080488
19080488
19080489
19080489
19080489
19082258
19082258
19082259
19082259
19083396
19083397
19084926
19084927
19086460
19086461
19087160
19087161
19087598
19087599
19087962
19087963
19089966
19089967
19089984
19089985
19090448
19090449
19091694
19091695
19093610
19093611
19094722
19094723
19096318
19096318
19096319
19096319
19096898
19096899
19096992
19096993
19097768
19097769
19099388
19099389
19100020
19100021
19100188
19100188
19100189
19100189
19100998
19100999
19103526
19103527
19103672
19103673
19104484
19104484
19104484
19104485
19104485
19104485
19104690
19104691
19104716
19104717
19105252
19105253
19105464
19105465
19105518
19105518
19105519
19105519
19105652
19105653
19105764
19105764
19105765
19105765
19107490
19107491
19107900
19107901
19108358
19108359
19108542
19108543
19108700
19108701
19109444
19109445
19110648
19110649
19111180
19111181
19111564
19111565
19112072
19112072
19112072
19112073
19112073
19112073
19112382
19112383
19112426
19112426
19112427
19112427
19112794
19112795
19112824
19112825
19113016
19113017
19116728
19116729
19118516
19118517
19118944
19118944
19118945
19118945
19119124
19119125
19119184
19119185
19119526
19119527
19119662
19119662
19119662
19119663
19119663
19119663
19120060
19120061
19120108
19120109
19120198
19120198
19120199
19120199
19122098
19122099
19123128
19123128
19123129
19123129
19123692
19123692
19123693
19123693
19124092
19124093
19124132
19124133
19124144
19124145
19124424
19124425
19124492
19124493
19124506
19124507
19124788
19124789
19125076
19125077
19125078
19125079
19125258
19125259
19126262
19126263
19126606
19126607
19127466
19127467
19127618
19127619
19128674
19128675
19129496
19129497
19129568
19129569
19131996
19131997
19133928
19133928
19133929
19133929
19134606
19134606
19134606
19134607
19134607
19134607
19134842
19134843
19135530
19135530
19135531
19135531
19136086
19136087
19136502
19136503
19136840
19136841
19136842
19136843
19136890
19136890
19136890
19136890
19136891
19136891
19136891
19136891
19136978
19136979
19138412
19138413
19138468
19138469
19138498
19138499
19138586
19138587
19139528
19139529
19140496
19140497
19141576
19141577
19141750
19141751
19142786
19142787
19144658
19144658
19144658
19144659
19144659
19144659
19146688
19146689
19148218
19148218
19148218
19148219
19148219
19148219
19149024
19149025
19149252
19149253
19151094
19151095
19151140
19151140
19151140
19151141
19151141
19151141
19152000
19152001
19152168
19152169
19152386
19152387
19153550
19153551
19154484
19154485
19155268
19155269
19156606
19156607
19162926
19162927
19170410
19170411
19170620
19170621
19172944
19172945
19174262
19174262
19174263
19174263
19179932
19179933
19183822
19183823
19187338
19187339
19190778
19190778
19190778
19190778
19190778
19190778
19190779
19190779
19190779
19190779
19190779
19190779
19197146
19197146
19197147
19197147
19207074
19207075
19207078
19207079
19219648
19219649
19219650
19219651
19221316
19221316
19221317
19221317
19222096
19222097
19223078
19223078
19223078
19223079
19223079
19223079
19223120
19223121
19224888
19224889
19226838
19226838
19226839
19226839
19231222
19231223
19234546
19234547
19235202
19235203
19236766
19236767
19237904
19237905
19238066
19238066
19238067
19238067
19238618
19238619
19238794
19238795
19239500
19239501
19240614
19240615
19242740
19242741
19243128
19243129
19243970
19243971
19244996
19244997
19245188
19245189
19248332
19248333
19252412
19252412
19252412
19252413
19252413
19252413
19252864
19252865
19253158
19253159
19253164
19253165
19253170
19253171
19253232
19253233
19253408
19253409
19253754
19253755
19253756
19253757
19253904
19253904
19253904
19253905
19253905
19253905
19254010
19254011
19254192
19254193
19254196
19254197
19254614
19254615
19256064
19256065
19256070
19256071
19256242
19256243
19256250
19256251
19256254
19256255
19256842
19256842
19256843
19256843
19257152
19257153
19257384
19257385
19257398
19257399
19257404
19257404
19257405
19257405
19257648
19257649
19257676
19257677
19257678
19257679
19257754
19257755
19257944
19257945
19257946
19257947
19257948
19257949
19258006
19258007
19258008
19258009
19258200
19258201
19258244
19258244
19258245
19258245
19258320
19258321
19258344
19258345
19258404
19258404
19258405
19258405
19258448
19258449
19258458
19258459
19258520
19258521
19258770
19258771
19258780
19258781
19258880
19258881
19258992
19258993
19259028
19259028
19259029
19259029
19259060
19259061
19259078
19259079
19259112
19259113
19259210
19259210
19259210
19259211
19259211
19259211
19259356
19259357
19259404
19259405
19259412
19259412
19259412
19259413
19259413
19259413
19259442
19259443
19259532
19259532
19259532
19259533
19259533
19259533
19259534
19259535
19259596
19259597
19259654
19259654
19259655
19259655
19259832
19259833
19259964
19259965
19259980
19259981
19260070
19260071
19260206
19260207
19260212
19260213
19260340
19260341
19260342
19260343
19260394
19260395
19260410
19260411
19260444
19260445
19260478
19260479
19260496
19260496
19260497
19260497
19260498
19260499
19260502
19260503
19260546
19260546
19260547
19260547
19260592
19260593
19260598
19260598
19260599
19260599
19260620
19260621
19260632
19260633
19260640
19260640
19260640
19260640
19260640
19260640
19260641
19260641
19260641
19260641
19260641
19260641
19260642
19260643
19261308
19261309
19261706
19261707
19261824
19261825
19263098
19263099
19263100
19263101
19263172
19263173
19263186
19263187
19263324
19263325
19263674
19263675
19263852
19263853
19264822
19264823
19264824
19264825
19265206
19265207
19265208
19265209
19265450
19265451
19265560
19265561
19265568
14766   
14767   
100294  
100295  
100296  
100297  
130140  
130140  
130141  
130141  
168854  
168855  
168856  
168857  
168858  
168859  
177690  
177691  
177692  
177693  
202954  
202954  
202955  
202955  
206994  
206995  
257316  
257317  
325048  
325049  
353030  
353031  
393560  
393561  
393562  
393563  
393564  
393565  
430332  
430333  
436992  
436993  
471244  
471245  
486090  
486090  
486091  
486091  
608636  
608637  
608638  
608639  
609158  
609159  
633644  
633645  
655256  
655256  
655257  
655257  
672126  
672127  
672128  
672129  
696360  
696361  
712754  
712755  
734562  
734563  
749310  
749311  
766942  
766943  
782040  
782041  
796266  
796267  
798824  
798825  
811346  
811347  
847824  
847825  
868848  
868849  
912908  
912909  
915154  
915154  
915155  
915155  
919692  
919693  
978884  
978885  
1015676 
1015677 
1030794 
1030794 
1030795 
1030795 
1081324 
1081325 
1100846 
1100847 
1122414 
1122415 
1123380 
1123381 
1125864 
1125865 
1217632 
1217633 
1217634 
1217635 
1262002 
1262003 
1327068 
1327069 
1338412 
1338413 
1338414 
1338415 
1424960 
1424961 
1537868 
1537869 
1542838 
1542839 
1558352 
1558353 
1558354 
1558355 
1558356 
1558357 
1602790 
1602791 
1666996 
1666997 
1676820 
1676821 
1755752 
1755752 
1755753 
1755753 
1767788 
1767789 
1769506 
1769507 
1780488 
1780489 
1780490 
1780491 
1821136 
1821137 
1850306 
1850307 
1859410 
1859411 
1888252 
1888253 
1904486 
1904487 
1911958 
1911959 
1949594 
1949594 
1949594 
1949594 
1949595 
1949595 
1949595 
1949595 
2046886 
2046887 
2100228 
2100229 
2113304 
2113305 
2143528 
2143529 
2195010 
2195010 
2195011 
2195011 
2300450 
2300451 
2309968 
2309969 
2309972 
2309973 
2311392 
2311393 
2315776 
2315777 
2411644 
2411645 
2413516 
2413517 
2445576 
2445576 
2445576 
2445577 
2445577 
2445577 
2482192 
2482193 
2486028 
2486028 
2486029 
2486029 
2492318 
2492319 
2505532 
2505533 
2538386 
2538387 
2538388 
2538389 
2616862 
2616863 
2624722 
2624723 
2642320 
2642321 
2723340 
2723341 
2743884 
2743885 
2796668 
2796669 
2848338 
2848339 
2848340 
2848341 
2858724 
2858725 
2887486 
2887487 
2893496 
2893497 
2930056 
2930057 
2958096 
2958096 
2958097 
2958097 
2970486 
2970487 
2990378 
2990379 
3032848 
3032848 
3032849 
3032849 
3225766 
3225767 
3229854 
3229855 
3229858 
3229859 
3235890 
3235891 
3235892 
3235893 
3254100 
3254101 
3267914 
3267915 
3267920 
3267921 
3279254 
3279255 
3312782 
3312783 
3382562 
3382563 
3389524 
3389525 
3394424 
3394424 
3394425 
3394425 
3399616 
3399617 
3399618 
3399619 
3474492 
3474493 
3474494 
3474495 
3483196 
3483197 
3532608 
3532609 
3533954 
3533955 
3554562 
3554563 
3554564 
3554565 
3554566 
3554567 
3577602 
3577602 
3577603 
3577603 
3579498 
3579499 
3595520 
3595521 
3634948 
3634949 
3634952 
3634953 
3668502 
3668503 
3714382 
3714383 
3729810 
3729811 
3743846 
3743847 
3752788 
3752789 
3754986 
3754987 
3789136 
3789136 
3789137 
3789137 
3830286 
3830286 
3830286 
3830286 
3830287 
3830287 
3830287 
3830287 
3869294 
3869295 
3893038 
3893039 
3952724 
3952725 
3979366 
3979367 
4012900 
4012901 
4029210 
4029211 
4043932 
4043933 
4057332 
4057332 
4057333 
4057333 
4094780 
4094781 
4136486 
4136487 
4199078 
4199078 
4199079 
4199079 
4222594 
4222595 
4228114 
4228115 
4236192 
4236193 
4241982 
4241982 
4241983 
4241983 
4256880 
4256881 
4257794 
4257795 
4264674 
4264675 
4309520 
4309521 
4328988 
4328988 
4328989 
4328989 
4331778 
4331779 
4347824 
4347825 
4350818 
4350819 
4354838 
4354839 
4354840 
4354841 
4362926 
4362927 
4362930 
4362931 
4387106 
4387107 
4387108 
4387109 
4404646 
4404647 
4414468 
4414469 
4421652 
4421653 
4479144 
4479144 
4479145 
4479145 
4496392 
4496393 
4547814 
4547815 
4596120 
4596121 
4597860 
4597861 
4665868 
4665869 
4685332 
4685333 
4735372 
4735373 
4789520 
4789521 
4792392 
4792393 
4840966 
4840967 
4860504 
4860505 
4889674 
4889675 
4901142 
4901143 
4918590 
4918591 
4932192 
4932193 
4994412 
4994413 
5011158 
5011159 
5011988 
5011989 
5029032 
5029033 
5059750 
5059751 
5096302 
5096303 
5143816 
5143817 
5144374 
5144375 
5145246 
5145247 
5160294 
5160295 
5160296 
5160297 
5169032 
5169033 
5176552 
5176553 
5183504 
5183505 
5188548 
5188548 
5188549 
5188549 
5214230 
5214231 
5214234 
5214235 
5270764 
5270765 
5270768 
5270769 
5287582 
5287582 
5287583 
5287583 
5391364 
5391365 
5391368 
5391369 
5408614 
5408614 
5408615 
5408615 
5449294 
5449294 
5449295 
5449295 
5449296 
5449296 
5449297 
5449297 
5472042 
5472043 
16495602
16495603
16500796
16500797
16503808
16503809
16505286
16505287
16594314
16594315
16618672
16618673
16624806
16624806
16624807
16624807
16629488
16629489
16701802
16701803
16752316
16752317
16784180
16784181
16793630
16793631
16793902
16793903
16795700
16795701
16865084
16865085
16883716
16883717
16947300
16947301
16963476
16963477
16991362
16991363
17095172
17095173
17121960
17121961
17198620
17198621
17204270
17204271
17245644
17245645
17280064
17280065
17282520
17282521
17283274
17283274
17283275
17283275
17310760
17310761
17313910
17313911
17315498
17315499
17332034
17332035
17332300
17332301
17338144
17338145
17344110
17344111
17350418
17350419
17385560
17385561
17402776
17402777
17448294
17448295
17453786
17453787
17484178
17484179
17499278
17499279
17511736
17511737
17524402
17524403
17548182
17548183
17557660
17557661
17560744
17560745
17580638
17580639
17587858
17587858
17587859
17587859
17606974
17606975
17616482
17616483
17617022
17617023
17627222
17627222
17627223
17627223
17629570
17629571
17646532
17646533
17649958
17649959
17675248
17675248
17675249
17675249
17678580
17678581
17690026
17690027
17714544
17714545
17721140
17721141
17725424
17725425
17726146
17726147
17757516
17757517
17786714
17786714
17786715
17786715
17823430
17823431
17827674
17827675
17838659
17838660
17839465
17839465
17839466
17839466
17842021
17842022
17856319
17856320
17888667
17888668
17920119
17920120
17932221
17932222
17956029
17956029
17956030
17956030
17975423
17975424
17988581
17988582
17990393
17990393
17990394
17990394
18009175
18009176
18017437
18017438
18027269
18027270
18035169
18035169
18035170
18035170
18036603
18036604
18041067
18041068
18044411
18044411
18044412
18044412
18052637
18052637
18052638
18052638
18074373
18074374
18082135
18082136
18133731
18133731
18133731
18133731
18133731
18133732
18133732
18133732
18133732
18133732
18143001
18143002
18161823
18161824
18167729
18167730
18168879
18168880
18182425
18182426
18182461
18182461
18182462
18182462
18193529
18193530
18193879
18193880
18193881
18193882
18196317
18196318
18197141
18197141
18197142
18197142
18198017
18198018
18202379
18202380
18202529
18202529
18202529
18202530
18202530
18202530
18202567
18202568
18202569
18202570
18207059
18207060
18208377
18208378
18209081
18209082
18211765
18211766
18214913
18214914
18222623
18222624
18223731
18223732
18228685
18228685
18228686
18228686
18228687
18228687
18228688
18228688
18230053
18230054
18245707
18245708
18258041
18258042
18269615
18269616
18271963
18271964
18272123
18272123
18272124
18272124
18276125
18276126
18280387
18280387
18280388
18280388
18281181
18281182
18294483
18294484
18306925
18306926
18308457
18308458
18319851
18319852
18322407
18322408
18344877
18344878
18345119
18345119
18345120
18345120
18366503
18366504
18375101
18375102
18375225
18375226
18396876
18396876
18396877
18396877
18400108
18400109
18400662
18400663
18412620
18412621
18426420
18426421
18430568
18430569
18434132
18434133
18439240
18439241
18463468
18463469
18464580
18464581
18465482
18465483
18468424
18468425
18469202
18469203
18481356
18481357
18482754
18482755
18491968
18491969
18495074
18495075
18497910
18497911
18499544
18499545
18500066
18500067
18500268
18500269
18501374
18501375
18502112
18502113
18514838
18514839
18516392
18516393
18520342
18520343
18520910
18520910
18520911
18520911
18523972
18523973
18526470
18526471
18526986
18526987
18531804
18531805
18532790
18532791
18536070
18536071
18548830
18548831
18561814
18561815
18563490
18563491
18567456
18567457
18567472
18567472
18567473
18567473
18576886
18576887
18582816
18582817
18584920
18584921
18587410
18587411
18588368
18588369
18589044
18589045
18603527
18603528
18604249
18604250
18607115
18607116
18612099
18612100
18613045
18613046
18616087
18616087
18616088
18616088
18618131
18618132
18621077
18621078
18624059
18624060
18633077
18633078
18640541
18640542
18645577
18645578
18646061
18646061
18646062
18646062
18646687
18646688
18654305
18654306
18658361
18658362
18661201
18661202
18667307
18667308
18667777
18667778
18668537
18668538
18674221
18674222
18683863
18683864
18685607
18685608
18687925
18687926
18690813
18690813
18690814
18690814
18695405
18695406
18697483
18697484
18704729
18704730
18714807
18714808
18716421
18716422
18718037
18718038
18721909
18721910
18725711
18725712
18734923
18734923
18734924
18734924
18738891
18738892
18739811
18739811
18739812
18739812
18740265
18740266
18740353
18740354
18742793
18742794
18744351
18744352
18749517
18749518
18751391
18751392
18752643
18752644
18753291
18753291
18753292
18753292
18753585
18753586
18754203
18754204
18755671
18755672
18758333
18758334
18763629
18763630
18764357
18764358
18765655
18765656
18777193
18777194
18777551
18777552
18780715
18780716
18785271
18785272
18791853
18791854
18797406
18797407
18797812
18797813
18799493
18799494
18800185
18800186
18802141
18802142
18802525
18802526
18803675
18803676
18804139
18804140
18806831
18806831
18806832
18806832
18807135
18807136
18807203
18807204
18808817
18808818
18810475
18810476
18811115
18811116
18821113
18821114
18824066
18824067
18824880
18824881
18826092
18826093
18827206
18827206
18827207
18827207
18829512
18829513
18832512
18832513
18835910
18835911
18837262
18837263
18837362
18837362
18837363
18837363
18839554
18839554
18839554
18839555
18839555
18839555
18840058
18840058
18840058
18840059
18840059
18840059
18840938
18840939
18842042
18842042
18842042
18842042
18842043
18842043
18842043
18842043
18842600
18842601
18842824
18842824
18842824
18842824
18842825
18842825
18842825
18842825
18843132
18843133
18845076
18845077
18845086
18845087
18845892
18845893
18846712
18846713
18846948
18846948
18846948
18846949
18846949
18846949
18847940
18847941
18848176
18848177
18850174
18850175
18853030
18853031
18856792
18856793
18856894
18856895
18859100
18859101
18861046
18861047
18861546
18861547
18863338
18863339
18865018
18865019
18868120
18868120
18868121
18868121
18871130
18871130
18871131
18871131
18871354
18871355
18871362
18871363
18873078
18873079
18890050
18890051
18891516
18891517
18893924
18893925
18893928
18893929
18894490
18894491
18894494
18894495
18909522
18909523
18918078
18918079
18923682
18923683
18924486
18924487
18926792
18926793
18927194
18927195
18933016
18933017
18934354
18934354
18934355
18934355
18935440
18935441
18944624
18944625
18947012
18947013
18949232
18949233
18949970
18949971
18949990
18949991
18951486
18951487
18954758
18954759
18954760
18954760
18954761
18954761
18956176
18956177
18956184
18956185
18956510
18956511
18963192
18963193
18981856
18981857
18981858
18981859
18985996
18985997
18986710
18986710
18986710
18986711
18986711
18986711
18986948
18986949
18987374
18987375
18987530
18987531
18987616
18987616
18987616
18987616
18987616
18987616
18987616
18987617
18987617
18987617
18987617
18987617
18987617
18987617
18988048
18988049
18988242
18988243
18989418
18989418
18989418
18989419
18989419
18989419
18991162
18991163
18991988
18991989
18992010
18992011
18992328
18992329
18992726
18992727
18993338
18993339
18993340
18993341
18994378
18994378
18994378
18994378
18994379
18994379
18994379
18994379
18994830
18994831
18995426
18995427
18995944
18995944
18995944
18995945
18995945
18995945
18996426
18996427
18996428
18996429
18997596
18997597
18997660
18997661
18997788
18997789
18997790
18997791
18997830
18997831
18998086
18998087
18998346
18998347
19000188
19000189
19000190
19000191
19001388
19001389
19001590
19001591
19002074
19002075
19002354
19002355
19003206
19003207
19003208
19003209
19003480
19003481
19004524
19004525
19004600
19004600
19004601
19004601
19006038
19006039
19007400
19007401
19007530
19007531
19007854
19007855
19008412
19008413
19009510
19009511
19009660
19009661
19010010
19010011
19010168
19010169
19010298
19010299
19010552
19010553
19010780
19010781
19011172
19011173
19011704
19011705
19011834
19011835
19012744
19012744
19012744
19012745
19012745
19012745
19013572
19013573
19013746
19013747
19014920
19014921
19017258
19017259
19017320
19017321
19017456
19017457
19017670
19017671
19018470
19018471
19018486
19018486
19018486
19018487
19018487
19018487
19024814
19024815
19024816
19024817
19027014
19027015
19027946
19027947
19028488
19028489
19029064
19029065
19029178
19029179
19029192
19029193
19029374
19029375
19030362
19030363
19032357
19032358
19032383
19032384
19033309
19033310
19033393
19033394
19033457
19033458
19033685
19033686
19033799
19033800
19034887
19034888
19035031
19035032
19037033
19037034
19037129
19037130
19037373
19037374
19038609
19038610
19041924
19041925
19042588
19042589
19042674
19042675
19042812
19042812
19042813
19042813
19049438
19049438
19049439
19049439
19063042
19063043
19071606
19071607
19074992
19074993
19075412
19075413
19079016
19079017
19082258
19082258
19082259
19082259
19087962
19087963
19096992
19096993
19097768
19097769
19100188
19100188
19100189
19100189
19103526
19103527
19104484
19104485
19105464
19105465
19105652
19105652
19105653
19105653
19107490
19107491
19107900
19107901
19108358
19108359
19112824
19112825
19113016
19113017
19116728
19116729
19119662
19119662
19119662
19119663
19119663
19119663
19120198
19120198
19120199
19120199
19124132
19124133
19124424
19124425
19124492
19124493
19124506
19124507
19125076
19125077
19125078
19125079
19125258
19125259
19127466
19127467
19129496
19129497
19131996
19131997
19133928
19133928
19133929
19133929
19134606
19134606
19134606
19134607
19134607
19134607
19134842
19134843
19136086
19136087
19136978
19136979
19138498
19138499
19138586
19138587
19139528
19139529
19140496
19140497
19141576
19141577
19141750
19141751
19144658
19144658
19144658
19144659
19144659
19144659
19146688
19146689
19151140
19151140
19151140
19151141
19151141
19151141
19152000
19152001
19153550
19153551
19155268
19155269
19156606
19156607
19170410
19170411
19172944
19172945
19179932
19179933
19183822
19183823
19187338
19187339
19190778
19190778
19190778
19190778
19190778
19190778
19190779
19190779
19190779
19190779
19190779
19190779
19207074
19207075
19207078
19207079
19219648
19219649
19219650
19219651
19221316
19221316
19221317
19221317
19222096
19222097
19223078
19223078
19223078
19223079
19223079
19223079
19223120
19223121
19224888
19224889
19226838
19226838
19226839
19226839
19234546
19234547
19236766
19236767
19237904
19237905
19238618
19238619
19238794
19238795
19239500
19239501
19240614
19240615
19243128
19243129
19243970
19243971
19244996
19244997
19245188
19245189
19248332
19248333
19252412
19252412
19252412
19252413
19252413
19252413
19252864
19252865
19253158
19253159
19253164
19253165
19253232
19253233
19253408
19253409
19253754
19253755
19253756
19253757
19253904
19253905
19254010
19254011
19254192
19254193
19254196
19254197
19256064
19256065
19256070
19256071
19256242
19256243
19256250
19256251
19256254
19256255
19256842
19256842
19256843
19256843
19257152
19257153
19257676
19257677
19257678
19257679
19257754
19257755
19257944
19257945
19257946
19257947
19257948
19257949
19258006
19258007
19258344
19258345
19258992
19258993
19259028
19259029
19259060
19259061
19259078
19259079
19259412
19259412
19259412
19259413
19259413
19259413
19259532
19259532
19259532
19259533
19259533
19259533
19259534
19259535
19259596
19259597
19259832
19259833
19260212
19260213
19260340
19260341
19260342
19260343
19260592
19260593
19260640
19260640
19260640
19260640
19260640
19260640
19260641
19260641
19260641
19260641
19260641
19260641
19261308
19261309
19261824
19261825
19263098
19263099
19263100
19263101
19263172
19263173
19263186
19263187
19263324
19263325
19263852
19263853
19264822
19264823
19264824
19264825
19265206
19265207
19265208
19265209
19265450
19265451
19265568
19265569
19265618
19265619
19265894
19265895
19266328
19266329
19266412
19266413
19266470
19266470
19266470
19266471
19266471
19266471
19267178
19267179
19267180
19267180
19267180
19267181
19267181
19267181
19267376
19267377
19268112
19268113
19268728
19268729
19271440
19271441
19273790
19273791
19274378
19274378
19274378
19274379
19274379
19274379
19292144
19292145
19292728
19292729
19292912
19292913
19293464
19293465
19293954
19293955
19296306
19296306
19296307
19296307
19298272
19298273
19302854
19302855
19307010
19307010
19307011
19307011
19307430
19307431
19310752
19310753
19312266
19312267
19312274
19312275
19313808
19313809
19314192
19314192
19314192
19314192
19314193
19314193
19314193
19314193
19314366
19314366
19314366
19314367
19314367
19314367
19314624
19314625
19315176
19315177
19316696
19316697
19317056
19317057
19317086
19317087
19317118
19317119
19317202
19317203
19317296
19317297
19317442
19317443
19317494
19317495
19317512
19317513
19317566
19317567
19317946
19317946
19317946
19317946
19317947
19317947
19317947
19317947
19318666
19318667
19318890
19318891
19318892
19318893
19319102
19319103
19319110
19319111
19319114
19319115
19319396
19319397
19322624
19322625
19326596
19326597
19328678
19328679
19330598
19330599
19332034
19332035
19333226
19333227
19333234
19333235
19333242
19333243
19333250
19333251
19333258
19333259
19333266
19333267
19333272
19333273
19333416
19333417
19337100
19337101
19337108
19337109
19337116
19337117
19337118
19337119
19337494
19337495
19338164
19338165
19338172
19338173
19338180
19338181
19338188
19338189
19338196
19338197
19338204
19338205
19338212
19338213
19338216
19338217
19338218
19338219
19338224
19338225
19339274
19339275
19339282
19339283
19339290
19339291
19339298
19339299
19339306
19339307
19339314
19339315
19339322
19339323
19339326
19339327
19339328
19339329
19339782
19339783
19339790
19339791
19339796
19339797
19340150
19340151
19340184
19340184
19340184
19340185
19340185
19340185
19340516
19340517
19340760
19340761
19341720
19341721
19342162
19342162
19342162
19342163
19342163
19342163
19342314
19342315
19342472
19342472
19342472
19342472
19342473
19342473
19342473
19342473
19342506
19342506
19342506
19342507
19342507
19342507
19342684
19342685
19342772
19342773
19342810
19342811
19343418
19343418
19343418
19343418
19343418
19343418
19343419
19343419
19343419
19343419
19343419
19343419
19343436
19343437
19344650
19344651
19344652
19344653
19344654
19344655
19345934
19345935
19345942
19345943
19345950
19345951
19345958
19345959
19345966
19345967
19345974
19345975
19345982
19345983
19345990
19345991
19345998
19345999
19346006
19346007
19346014
19346015
19346022
19346023
19346030
19346031
19346038
19346039
19346046
19346047
19346054
19346055
19346114
19346115