57872   
57873   
156520  
156520  
156521  
156521  
168854  
168855  
168856  
168857  
168858  
168859  
202192  
202193  
248222  
248223  
257316  
257317  
258368  
258369  
265306  
265306  
265306  
265307  
265307  
265307  
325048  
325049  
358886  
358887  
393560  
393561  
393562  
393563  
393564  
393565  
430332  
430333  
436992  
436993  
471244  
471245  
526218  
526219  
542980  
542981  
587450  
587451  
606444  
606444  
606445  
606445  
609158  
609159  
615498  
615499  
692492  
692493  
696360  
696361  
734562  
734563  
739284  
739284  
739284  
739285  
739285  
739285  
766942  
766943  
796266  
796267  
811346  
811347  
912908  
912909  
914250  
914250  
914251  
914251  
931342  
931343  
966018  
966018  
966019  
966019  
978884  
978885  
1011208 
1011209 
1028446 
1028447 
1081324 
1081325 
1100846 
1100847 
1122414 
1122415 
1123380 
1123381 
1125864 
1125865 
1217632 
1217633 
1217634 
1217635 
1252300 
1252301 
1327068 
1327069 
1338412 
1338413 
1338414 
1338415 
1424960 
1424961 
1449934 
1449934 
1449934 
1449934 
1449935 
1449935 
1449935 
1449935 
1487420 
1487421 
1541562 
1541563 
1541564 
1541564 
1541565 
1541565 
1558352 
1558353 
1558354 
1558355 
1558356 
1558357 
1594910 
1594910 
1594911 
1594911 
1594914 
1594914 
1594915 
1594915 
1666996 
1666997 
1675480 
1675481 
1767788 
1767789 
1769506 
1769507 
1780488 
1780489 
1780490 
1780491 
1859410 
1859411 
1885436 
1885437 
1888252 
1888253 
1994096 
1994096 
1994097 
1994097 
2046886 
2046887 
2093032 
2093033 
2139414 
2139415 
2143528 
2143529 
2162978 
2162979 
2183486 
2183487 
2202552 
2202552 
2202553 
2202553 
2240792 
2240793 
2300450 
2300451 
2309968 
2309969 
2309972 
2309973 
2311392 
2311393 
2315776 
2315777 
2333512 
2333513 
2381974 
2381974 
2381975 
2381975 
2411644 
2411645 
2413516 
2413517 
2445576 
2445577 
2473654 
2473654 
2473655 
2473655 
2482604 
2482604 
2482605 
2482605 
2492318 
2492319 
2505532 
2505533 
2570380 
2570381 
2612292 
2612293 
2616862 
2616863 
2624722 
2624723 
2642320 
2642321 
2708730 
2708730 
2708730 
2708731 
2708731 
2708731 
2723340 
2723341 
2726408 
2726409 
2745510 
2745510 
2745510 
2745511 
2745511 
2745511 
2848338 
2848339 
2848340 
2848341 
2858724 
2858725 
2888666 
2888667 
2893496 
2893497 
2930056 
2930057 
2933852 
2933852 
2933853 
2933853 
2973118 
2973119 
2990378 
2990379 
2994150 
2994150 
2994150 
2994151 
2994151 
2994151 
3067736 
3067737 
3159734 
3159735 
3225766 
3225767 
3231716 
3231717 
3231718 
3231719 
3235890 
3235891 
3235892 
3235893 
3267914 
3267915 
3267920 
3267921 
3279254 
3279255 
3382562 
3382563 
3389524 
3389525 
3399616 
3399617 
3399618 
3399619 
3474492 
3474493 
3474494 
3474495 
3483196 
3483197 
3532608 
3532609 
3533954 
3533955 
3554562 
3554563 
3554564 
3554565 
3554566 
3554567 
3579498 
3579499 
3585294 
3585294 
3585295 
3585295 
3595520 
3595521 
3597410 
3597410 
3597411 
3597411 
3634948 
3634949 
3634952 
3634953 
3682786 
3682787 
3714382 
3714383 
3729810 
3729811 
3752788 
3752789 
3756052 
3756053 
3913144 
3913144 
3913144 
3913145 
3913145 
3913145 
3979366 
3979367 
4038102 
4038102 
4038103 
4038103 
4094780 
4094781 
4136486 
4136487 
4228114 
4228115 
4236192 
4236193 
4264674 
4264675 
4310626 
4310626 
4310627 
4310627 
4347824 
4347825 
4362926 
4362927 
4362930 
4362931 
4387106 
4387107 
4387108 
4387109 
4404646 
4404647 
4414468 
4414469 
4434006 
4434007 
4437666 
4437666 
4437667 
4437667 
4575654 
4575655 
4575656 
4575657 
4596120 
4596121 
4597860 
4597861 
4665868 
4665869 
4685332 
4685333 
4735372 
4735373 
4762210 
4762210 
4762211 
4762211 
4792392 
4792393 
4822352 
4822352 
4822353 
4822353 
4840966 
4840967 
4883622 
4883622 
4883622 
4883623 
4883623 
4883623 
4889674 
4889675 
4901142 
4901143 
4918590 
4918591 
4932192 
4932193 
4939778 
4939778 
4939778 
4939779 
4939779 
4939779 
4994412 
4994413 
4996966 
4996967 
5029032 
5029033 
5059750 
5059751 
5072788 
5072788 
5072789 
5072789 
5143816 
5143817 
5145246 
5145247 
5155880 
5155880 
5155881 
5155881 
5159546 
5159547 
5160294 
5160295 
5160296 
5160297 
5176552 
5176553 
5183504 
5183505 
5214230 
5214231 
5214234 
5214235 
5235774 
5235774 
5235775 
5235775 
5244746 
5244746 
5244747 
5244747 
5270764 
5270765 
5270768 
5270769 
5358506 
5358507 
5414958 
5414959 
5472042 
5472043 
16495318
16495319
16495410
16495411
16499658
16499659
16500308
16500309
16501888
16501889
16502226
16502226
16502227
16502227
16502268
16502269
16505650
16505651
16520158
16520159
16594314
16594315
16629488
16629489
16650750
16650751
16654098
16654099
16701802
16701803
16752316
16752317
16793630
16793631
16795700
16795701
16811802
16811802
16811803
16811803
16865084
16865085
16883716
16883717
16947300
16947301
16988620
16988621
17025648
17025648
17025649
17025649
17036868
17036869
17046948
17046948
17046948
17046949
17046949
17046949
17095172
17095173
17121960
17121961
17134332
17134333
17160798
17160799
17198620
17198621
17204270
17204271
17220690
17220690
17220690
17220691
17220691
17220691
17277044
17277045
17280064
17280065
17282520
17282521
17313910
17313911
17315498
17315499
17332034
17332035
17332300
17332301
17344110
17344111
17350418
17350419
17370444
17370445
17385560
17385561
17397158
17397159
17398486
17398486
17398486
17398487
17398487
17398487
17442848
17442849
17448294
17448295
17457056
17457057
17464642
17464643
17465534
17465535
17511736
17511737
17524402
17524403
17528948
17528948
17528949
17528949
17548182
17548183
17557660
17557661
17567916
17567917
17580638
17580639
17606974
17606975
17625448
17625449
17625714
17625714
17625714
17625715
17625715
17625715
17658248
17658248
17658248
17658249
17658249
17658249
17678580
17678581
17690026
17690027
17704746
17704747
17721140
17721141
17731100
17731101
17737922
17737923
17827500
17827501
17842021
17842022
17855091
17855092
17877679
17877680
17882561
17882562
17896453
17896454
17905737
17905738
17939847
17939848
17961027
17961028
17970313
17970314
17981147
17981148
17988581
17988582
18027269
18027270
18031499
18031500
18041067
18041067
18041068
18041068
18059405
18059405
18059406
18059406
18074723
18074724
18100949
18100949
18100950
18100950
18107051
18107052
18120731
18120732
18133731
18133732
18137213
18137214
18140099
18140100
18159259
18159260
18176069
18176070
18179843
18179843
18179844
18179844
18183295
18183295
18183296
18183296
18185717
18185718
18188703
18188704
18193131
18193132
18195409
18195410
18199629
18199630
18200489
18200490
18200667
18200668
18202331
18202332
18202653
18202653
18202654
18202654
18203029
18203030
18209143
18209144
18214459
18214459
18214460
18214460
18214913
18214914
18244609
18244610
18248681
18248682
18255821
18255822
18258041
18258042
18270013
18270014
18276229
18276230
18286783
18286784
18303233
18303234
18311567
18311568
18319851
18319852
18353283
18353284
18364879
18364880
18366503
18366504
18394070
18394071
18400108
18400109
18406984
18406985
18413584
18413585
18430568
18430569
18434132
18434133
18451898
18451899
18458210
18458211
18463468
18463469
18464580
18464581
18464906
18464907
18465482
18465482
18465482
18465482
18465482
18465482
18465483
18465483
18465483
18465483
18465483
18465483
18482754
18482755
18495074
18495075
18495084
18495085
18499966
18499967
18501374
18501375
18511804
18511804
18511805
18511805
18516392
18516393
18520342
18520343
18522066
18522067
18523972
18523973
18526986
18526987
18532790
18532791
18536166
18536167
18539670
18539671
18544358
18544359
18551738
18551739
18559400
18559401
18561814
18561815
18563490
18563491
18563514
18563515
18568178
18568179
18582816
18582817
18588368
18588369
18589044
18589045
18598209
18598210
18603527
18603528
18604249
18604250
18604513
18604513
18604514
18604514
18607115
18607116
18613045
18613045
18613045
18613046
18613046
18613046
18617607
18617608
18624059
18624060
18630069
18630070
18630105
18630106
18638395
18638396
18642747
18642748
18643043
18643044
18643933
18643933
18643933
18643933
18643933
18643934
18643934
18643934
18643934
18643934
18644031
18644032
18645577
18645578
18645721
18645722
18646019
18646020
18656049
18656050
18658361
18658362
18658457
18658458
18661201
18661202
18668537
18668538
18672963
18672964
18673795
18673796
18674197
18674198
18674221
18674222
18694389
18694390
18707683
18707684
18718149
18718150
18721909
18721909
18721909
18721909
18721910
18721910
18721910
18721910
18723963
18723964
18725711
18725712
18725857
18725858
18729845
18729846
18736153
18736153
18736154
18736154
18737485
18737485
18737485
18737486
18737486
18737486
18739811
18739811
18739812
18739812
18740265
18740266
18740353
18740354
18747467
18747467
18747468
18747468
18751391
18751392
18751615
18751616
18753291
18753292
18753585
18753586
18754203
18754203
18754203
18754204
18754204
18754204
18758321
18758322
18759887
18759888
18760913
18760914
18774123
18774124
18776625
18776626
18783957
18783957
18783958
18783958
18789103
18789104
18794745
18794746
18794767
18794768
18797406
18797407
18797812
18797812
18797812
18797812
18797812
18797812
18797812
18797812
18797813
18797813
18797813
18797813
18797813
18797813
18797813
18797813
18800185
18800186
18801417
18801418
18801645
18801646
18804139
18804140
18807135
18807136
18808281
18808282
18808817
18808818
18808965
18808966
18809599
18809600
18811115
18811116
18813589
18813590
18816535
18816536
18820047
18820048
18820065
18820066
18820271
18820272
18821113
18821114
18826092
18826093
18826636
18826637
18826888
18826889
18832512
18832513
18835910
18835911
18836288
18836289
18837844
18837844
18837845
18837845
18839554
18839554
18839554
18839555
18839555
18839555
18840058
18840058
18840058
18840059
18840059
18840059
18840988
18840989
18842042
18842042
18842042
18842042
18842043
18842043
18842043
18842043
18842824
18842824
18842825
18842825
18843330
18843330
18843330
18843331
18843331
18843331
18846310
18846311
18848176
18848177
18849728
18849729
18850088
18850089
18851906
18851907
18853142
18853142
18853143
18853143
18859100
18859101
18860252
18860252
18860253
18860253
18865772
18865773
18873114
18873115
18875670
18875670
18875671
18875671
18881490
18881491
18882502
18882503
18893286
18893287
18893924
18893925
18893928
18893929
18894490
18894491
18894494
18894495
18900236
18900237
18902528
18902529
18905658
18905659
18916636
18916637
18922066
18922067
18923250
18923250
18923251
18923251
18924486
18924487
18925160
18925161
18926594
18926595
18943582
18943582
18943583
18943583
18947012
18947013
18949990
18949991
18950294
18950295
18950528
18950528
18950529
18950529
18951938
18951939
18956176
18956177
18956184
18956185
18956510
18956511
18959236
18959237
18963192
18963193
18981856
18981857
18981858
18981859
18984032
18984032
18984032
18984033
18984033
18984033
18985996
18985997
18986712
18986713
18987374
18987374
18987375
18987375
18987616
18987617
18988106
18988107
18988544
18988544
18988544
18988545
18988545
18988545
18988676
18988676
18988676
18988677
18988677
18988677
18988690
18988691
18989418
18989418
18989418
18989418
18989418
18989419
18989419
18989419
18989419
18989419
18991288
18991289
18992328
18992329
18992510
18992511
18992726
18992727
18993054
18993055
18993338
18993339
18993340
18993341
18994378
18994378
18994378
18994378
18994379
18994379
18994379
18994379
18994830
18994830
18994831
18994831
18995426
18995427
18995460
18995461
18995944
18995944
18995944
18995945
18995945
18995945
18996792
18996793
18997432
18997433
18997596
18997597
18997660
18997661
18997730
18997731
18997830
18997831
18998080
18998081
18998082
18998083
18998464
18998465
18998746
18998747
18998934
18998934
18998935
18998935
18999324
18999325
18999326
18999327
19000188
19000189
19000190
19000191
19001388
19001388
19001389
19001389
19001590
19001591
19001776
19001776
19001777
19001777
19002354
19002355
19002476
19002477
19003206
19003207
19003208
19003209
19003480
19003481
19004482
19004482
19004482
19004483
19004483
19004483
19004524
19004525
19004600
19004600
19004601
19004601
19004716
19004717
19005662
19005663
19005774
19005775
19007162
19007163
19007288
19007289
19007352
19007353
19008116
19008116
19008117
19008117
19008674
19008675
19010016
19010017
19010452
19010453
19010472
19010473
19011172
19011173
19011602
19011603
19011704
19011705
19011834
19011835
19012924
19012925
19013676
19013677
19014920
19014921
19016616
19016617
19017258
19017259
19017320
19017321
19017456
19017457
19017670
19017671
19018470
19018471
19018486
19018486
19018486
19018487
19018487
19018487
19018674
19018675
19024814
19024815
19024816
19024817
19026980
19026981
19027288
19027289
19028112
19028113
19028254
19028255
19029358
19029359
19030380
19030381
19030858
19030858
19030858
19030859
19030859
19030859
19031424
19031425
19031773
19031773
19031773
19031773
19031774
19031774
19031774
19031774
19032089
19032090
19032357
19032358
19032831
19032832
19032865
19032865
19032866
19032866
19032867
19032868
19032899
19032900
19033017
19033018
19033457
19033458
19033623
19033623
19033624
19033624
19033685
19033685
19033686
19033686
19034585
19034586
19034887
19034888
19035161
19035162
19036389
19036390
19036625
19036626
19037129
19037130
19037373
19037374
19037499
19037500
19040841
19040842
19042210
19042211
19042292
19042293
19042632
19042632
19042632
19042633
19042633
19042633
19042634
19042635
19046726
19046727
19053308
19053309
19053532
19053533
19057716
19057717
19066132
19066133
19067086
19067087
19069512
19069513
19071864
19071865
19079212
19079213
19081150
19081151
19082862
19082863
19084920
19084921
19085916
19085917
19086868
19086869
19089352
19089353
19090246
19090247
19092692
19092693
19093412
19093413
19096274
19096274
19096275
19096275
19097230
19097231
19099180
19099181
19099668
19099669
19103838
19103839
19104138
19104139
19104372
19104373
19107490
19107491
19108358
19108358
19108359
19108359
19109016
19109017
19109980
19109981
19111492
19111493
19111870
19111871
19112116
19112117
19114946
19114947
19118712
19118712
19118713
19118713
19118840
19118841
19119662
19119662
19119662
19119663
19119663
19119663
19120198
19120198
19120199
19120199
19120274
19120275
19120516
19120516
19120517
19120517
19124436
19124437
19124506
19124507
19125076
19125077
19125078
19125079
19125258
19125259
19127618
19127619
19129568
19129569
19130430
19130431
19136952
19136952
19136953
19136953
19138498
19138499
19138586
19138586
19138586
19138587
19138587
19138587
19139704
19139705
19140488
19140489
19140496
19140497
19140532
19140533
19141750
19141751
19142670
19142671
19144658
19144658
19144658
19144659
19144659
19144659
19151140
19151141
19152000
19152001
19155268
19155269
19156606
19156607
19168636
19168637
19170410
19170411
19172944
19172945
19172992
19172993
19174262
19174262
19174262
19174263
19174263
19174263
19178482
19178482
19178482
19178483
19178483
19178483
19179932
19179933
19190778
19190778
19190778
19190778
19190779
19190779
19190779
19190779
19207074
19207075
19207078
19207079
19212930
19212930
19212930
19212931
19212931
19212931
19219648
19219649
19219650
19219651
19222096
19222097
19224888
19224889
19227884
19227885
19234546
19234547
19236766
19236767
19237904
19237905
19243970
19243971
19244996
19244997
19245188
19245189
19248332
19248333
19249900
19249901
19251090
19251091
19251094
19251094
19251095
19251095
19252412
19252412
19252412
19252413
19252413
19252413
19252864
19252865
19253158
19253159
19253164
19253165
19253232
19253233
19253408
19253409
19253754
19253755
19253756
19253757
19253904
19253905
19254010
19254011
19254192
19254193
19254196
19254197
19255152
19255153
19256064
19256065
19256070
19256071
19256242
19256243
19256250
19256251
19256254
19256255
19256842
19256843
19257152
19257153
19257676
19257677
19257678
19257678
19257679
19257679
19257754
19257755
19257944
19257945
19257946
19257947
19257948
19257949
19258190
19258191
19258608
19258609
19258992
19258992
19258992
19258992
19258993
19258993
19258993
19258993
19259068
19259069
19259356
19259357
19259412
19259412
19259412
19259413
19259413
19259413
19259532
19259533
19259534
19259535
19259656
19259657
19259832
19259832
19259833
19259833
19259844
19259845
19260148
19260149
19260212
19260213
19260340
19260341
19260342
19260343
19260592
19260593
19260640
19260641
19263172
19263173
19263324
19263325
19264122
19264123
19264822
19264823
19264824
19264825
19264954
19264955
19265206
19265207
19265208
19265208
19265209
19265209
19265450
19265451
19265618
19265619
19265998
19265999
19266412
19266413
19266470
19266471
19267178
19267179
19267180
19267180
19267180
19267181
19267181
19267181
19267390
19267391
19268406
19268407
19269092
19269093
19272974
19272974
19272974
19272975
19272975
19272975
19280342
19280343
19280766
19280767
19283482
19283483
19290356
19290357
19290692
19290692
19290692
19290693
19290693
19290693
19292144
19292145
19292186
19292187
19292728
19292729
19293954
19293955
19295746
19295747
19298272
19298273
19299822
19299823
19302854
19302855
19303802
19303803
19304444
19304445
19305860
19305860
19305861
19305861
19309146
19309147
19309766
19309767
19310310
19310311
19312266
19312267
19312274
19312275
19312502
19312503
19314192
19314193
19315464
19315465
19316954
19316955
19317028
19317029
19317086
19317087
19317344
19317345
19317494
19317495
19317946
19317946
19317946
19317946
19317946
19317947
19317947
19317947
19317947
19317947
19318890
19318891
19318892
19318893
19319102
19319103
19319110
19319111
19319114
19319115
19319470
19319471
19319510
19319511
19319590
19319591
19319858
19319859
19322624
19322625
19326860
19326861
19327808
19327809
19328678
19328679
19333226
19333227
19333234
19333235
19333242
19333243
19333250
19333251
19333258
19333259
19333266
19333267
19333272
19333273
19337100
19337101
19337108
19337109
19337116
19337117
19337118
19337119
19337494
19337495
19338164
19338165
19338172
19338173
19338180
19338181
19338188
19338189
19338196
19338197
19338204
19338205
19338212
19338213
19338216
19338217
19338218
19338219
19339274
19339275
19339282
19339283
19339290
19339291
19339298
19339299
19339306
19339307
19339314
19339315
19339322
19339323
19339326
19339327
19339328
19339329
19339782
19339783
19339790
19339791
19339796
19339797
19340150
19340151
19340184
19340185
19340516
19340516
19340517
19340517
19340760
19340761
19340762
19340763
19340836
19340836
19340836
19340836
19340836
19340837
19340837
19340837
19340837
19340837
19340902
19340903
19342162
19342162
19342163
19342163
19342292
19342293
19342466
19342466
19342466
19342467
19342467
19342467
19342472
19342472
19342472
19342472
19342473
19342473
19342473
19342473
19342506
19342507
19342684
19342685
19343020
19343021
19343412
19343413
19343418
19343418
19343419
19343419
19343436
19343437
19344650
19344651
19344652
19344653
19344654
19344655
19344778
19344778
19344779
19344779
19344914
19344914
19344915
19344915
19345324
19345325
19345934
19345935
19345942
19345943
19345950
19345951
19345958
19345959
19345966
19345967
19345974
19345975
19345982
19345983
19345990
19345991
19345998
19345999
19346006
19346007
19346014
19346015
19346022
19346023
19346030
19346031
19346038
19346039
19346046
19346047
19346054
19346055
19346114
19346115
19346116
19346117
14766   
14767   
100294  
100295  
100296  
100297  
130140  
130140  
130141  
130141  
168854  
168855  
168856  
168857  
168858  
168859  
177690  
177691  
177692  
177693  
202954  
202954  
202955  
202955  
206994  
206995  
257316  
257317  
325048  
325049  
353030  
353031  
393560  
393561  
393562  
393563  
393564  
393565  
430332  
430333  
436992  
436993  
471244  
471245  
486090  
486090  
486091  
486091  
608636  
608637  
608638  
608639  
609158  
609159  
633644  
633645  
655256  
655256  
655257  
655257  
672126  
672127  
672128  
672129  
696360  
696361  
712754  
712755  
734562  
734563  
749310  
749311  
766942  
766943  
782040  
782041  
796266  
796267  
798824  
798825  
811346  
811347  
847824  
847825  
868848  
868849  
912908  
912909  
915154  
915154  
915155  
915155  
919692  
919693  
978884  
978885  
1015676 
1015677 
1030794 
1030794 
1030795 
1030795 
1081324 
1081325 
1100846 
1100847 
1122414 
1122415 
1123380 
1123381 
1125864 
1125865 
1217632 
1217633 
1217634 
1217635 
1262002 
1262003 
1327068 
1327069 
1338412 
1338413 
1338414 
1338415 
1424960 
1424961 
1537868 
1537869 
1542838 
1542839 
1558352 
1558353 
1558354 
1558355 
1558356 
1558357 
1602790 
1602791 
1666996 
1666997 
1676820 
1676821 
1755752 
1755752 
1755753 
1755753 
1767788 
1767789 
1769506 
1769507 
1780488 
1780489 
1780490 
1780491 
1821136 
1821137 
1850306 
1850307 
1859410 
1859411 
1888252 
1888253 
1904486 
1904487 
1911958 
1911959 
1949594 
1949594 
1949594 
1949594 
1949595 
1949595 
1949595 
1949595 
2046886 
2046887 
2100228 
2100229 
2113304 
2113305 
2143528 
2143529 
2195010 
2195010 
2195011 
2195011 
2300450 
2300451 
2309968 
2309969 
2309972 
2309973 
2311392 
2311393 
2315776 
2315777 
2411644 
2411645 
2413516 
2413517 
2445576 
2445576 
2445576 
2445577 
2445577 
2445577 
2482192 
2482193 
2486028 
2486028 
2486029 
2486029 
2492318 
2492319 
2505532 
2505533 
2538386 
2538387 
2538388 
2538389 
2616862 
2616863 
2624722 
2624723 
2642320 
2642321 
2723340 
2723341 
2743884 
2743885 
2796668 
2796669 
2848338 
2848339 
2848340 
2848341 
2858724 
2858725 
2887486 
2887487 
2893496 
2893497 
2930056 
2930057 
2958096 
2958096 
2958097 
2958097 
2970486 
2970487 
2990378 
2990379 
3032848 
3032848 
3032849 
3032849 
3225766 
3225767 
3229854 
3229855 
3229858 
3229859 
3235890 
3235891 
3235892 
3235893 
3254100 
3254101 
3267914 
3267915 
3267920 
3267921 
3279254 
3279255 
3312782 
3312783 
3382562 
3382563 
3389524 
3389525 
3394424 
3394424 
3394425 
3394425 
3399616 
3399617 
3399618 
3399619 
3474492 
3474493 
3474494 
3474495 
3483196 
3483197 
3532608 
3532609 
3533954 
3533955 
3554562 
3554563 
3554564 
3554565 
3554566 
3554567 
3577602 
3577602 
3577603 
3577603 
3579498 
3579499 
3595520 
3595521 
3634948 
3634949 
3634952 
3634953 
3668502 
3668503 
3714382 
3714383 
3729810 
3729811 
3743846 
3743847 
3752788 
3752789 
3754986 
3754987 
3789136 
3789136 
3789137 
3789137 
3830286 
3830286 
3830286 
3830286 
3830287 
3830287 
3830287 
3830287 
3869294 
3869295 
3893038 
3893039 
3952724 
3952725 
3979366 
3979367 
4012900 
4012901 
4029210 
4029211 
4043932 
4043933 
4057332 
4057332 
4057333 
4057333 
4094780 
4094781 
4136486 
4136487 
4199078 
4199078 
4199079 
4199079 
4222594 
4222595 
4228114 
4228115 
4236192 
4236193 
4241982 
4241982 
4241983 
4241983 
4256880 
4256881 
4257794 
4257795 
4264674 
4264675 
4309520 
4309521 
4328988 
4328988 
4328989 
4328989 
4331778 
4331779 
4347824 
4347825 
4350818 
4350819 
4354838 
4354839 
4354840 
4354841 
4362926 
4362927 
4362930 
4362931 
4387106 
4387107 
4387108 
4387109 
4404646 
4404647 
4414468 
4414469 
4421652 
4421653 
4479144 
4479144 
4479145 
4479145 
4496392 
4496393 
4547814 
4547815 
4596120 
4596121 
4597860 
4597861 
4665868 
4665869 
4685332 
4685333 
4735372 
4735373 
4789520 
4789521 
4792392 
4792393 
4840966 
4840967 
4860504 
4860505 
4889674 
4889675 
4901142 
4901143 
4918590 
4918591 
4932192 
4932193 
4994412 
4994413 
5011158 
5011159 
5011988 
5011989 
5029032 
5029033 
5059750 
5059751 
5096302 
5096303 
5143816 
5143817 
5144374 
5144375 
5145246 
5145247 
5160294 
5160295 
5160296 
5160297 
5169032 
5169033 
5176552 
5176553 
5183504 
5183505 
5188548 
5188548 
5188549 
5188549 
5214230 
5214231 
5214234 
5214235 
5270764 
5270765 
5270768 
5270769 
5287582 
5287582 
5287583 
5287583 
5391364 
5391365 
5391368 
5391369 
5408614 
5408614 
5408615 
5408615 
5449294 
5449294 
5449295 
5449295 
5449296 
5449296 
5449297 
5449297 
5472042 
5472043 
16495602
16495603
16500796
16500797
16503808
16503809
16505286
16505287
16594314
16594315
16618672
16618673
16624806
16624806
16624807
16624807
16629488
16629489
16701802
16701803
16752316
16752317
16784180
16784181
16793630
16793631
16793902
16793903
16795700
16795701
16865084
16865085
16883716
16883717
16947300
16947301
16963476
16963477
16991362
16991363
17095172
17095173
17121960
17121961
17198620
17198621
17204270
17204271
17245644
17245645
17280064
17280065
17282520
17282521
17283274
17283274
17283275
17283275
17310760
17310761
17313910
17313911
17315498
17315499
17332034
17332035
17332300
17332301
17338144
17338145
17344110
17344111
17350418
17350419
17385560
17385561
17402776
17402777
17448294
17448295
17453786
17453787
17484178
17484179
17499278
17499279
17511736
17511737
17524402
17524403
17548182
17548183
17557660
17557661
17560744
17560745
17580638
17580639
17587858
17587858
17587859
17587859
17606974
17606975
17616482
17616483
17617022
17617023
17627222
17627222
17627223
17627223
17629570
17629571
17646532
17646533
17649958
17649959
17675248
17675248
17675249
17675249
17678580
17678581
17690026
17690027
17714544
17714545
17721140
17721141
17725424
17725425
17726146
17726147
17757516
17757517
17786714
17786714
17786715
17786715
17823430
17823431
17827674
17827675
17838659
17838660
17839465
17839465
17839466
17839466
17842021
17842022
17856319
17856320
17888667
17888668
17920119
17920120
17932221
17932222
17956029
17956029
17956030
17956030
17975423
17975424
17988581
17988582
17990393
17990393
17990394
17990394
18009175
18009176
18017437
18017438
18027269
18027270
18035169
18035169
18035170
18035170
18036603
18036604
18041067
18041068
18044411
18044411
18044412
18044412
18052637
18052637
18052638
18052638
18074373
18074374
18082135
18082136
18133731
18133731
18133731
18133731
18133731
18133732
18133732
18133732
18133732
18133732
18143001
18143002
18161823
18161824
18167729
18167730
18168879
18168880
18182425
18182426
18182461
18182461
18182462
18182462
18193529
18193530
18193879
18193880
18193881
18193882
18196317
18196318
18197141
18197141
18197142
18197142
18198017
18198018
18202379
18202380
18202529
18202529
18202529
18202530
18202530
18202530
18202567
18202568
18202569
18202570
18207059
18207060
18208377
18208378
18209081
18209082
18211765
18211766
18214913
18214914
18222623
18222624
18223731
18223732
18228685
18228685
18228686
18228686
18228687
18228687
18228688
18228688
18230053
18230054
18245707
18245708
18258041
18258042
18269615
18269616
18271963
18271964
18272123
18272123
18272124
18272124
18276125
18276126
18280387
18280387
18280388
18280388
18281181
18281182
18294483
18294484
18306925
18306926
18308457
18308458
18319851
18319852
18322407
18322408
18344877
18344878
18345119
18345119
18345120
18345120
18366503
18366504
18375101
18375102
18375225
18375226
18396876
18396876
18396877
18396877
18400108
18400109
18400662
18400663
18412620
18412621
18426420
18426421
18430568
18430569
18434132
18434133
18439240
18439241
18463468
18463469
18464580
18464581
18465482
18465483
18468424
18468425
18469202
18469203
18481356
18481357
18482754
18482755
18491968
18491969
18495074
18495075
18497910
18497911
18499544
18499545
18500066
18500067
18500268
18500269
18501374
18501375
18502112
18502113
18514838
18514839
18516392
18516393
18520342
18520343
18520910
18520910
18520911
18520911
18523972
18523973
18526470
18526471
18526986
18526987
18531804
18531805
18532790
18532791
18536070
18536071
18548830
18548831
18561814
18561815
18563490
18563491
18567456
18567457
18567472
18567472
18567473
18567473
18576886
18576887
18582816
18582817
18584920
18584921
18587410
18587411
18588368
18588369
18589044
18589045
18603527
18603528
18604249
18604250
18607115
18607116
18612099
18612100
18613045
18613046
18616087
18616087
18616088
18616088
18618131
18618132
18621077
18621078
18624059
18624060
18633077
18633078
18640541
18640542
18645577
18645578
18646061
18646061
18646062
18646062
18646687
18646688
18654305
18654306
18658361
18658362
18661201
18661202
18667307
18667308
18667777
18667778
18668537
18668538
18674221
18674222
18683863
18683864
18685607
18685608
18687925
18687926
18690813
18690813
18690814
18690814
18695405
18695406
18697483
18697484
18704729
18704730
18714807
18714808
18716421
18716422
18718037
18718038
18721909
18721910
18725711
18725712
18734923
18734923
18734924
18734924
18738891
18738892
18739811
18739811
18739812
18739812
18740265
18740266
18740353
18740354
18742793
18742794
18744351
18744352
18749517
18749518
18751391
18751392
18752643
18752644
18753291
18753291
18753292
18753292
18753585
18753586
18754203
18754204
18755671
18755672
18758333
18758334
18763629
18763630
18764357
18764358
18765655
18765656
18777193
18777194
18777551
18777552
18780715
18780716
18785271
18785272
18791853
18791854
18797406
18797407
18797812
18797813
18799493
18799494
18800185
18800186
18802141
18802142
18802525
18802526
18803675
18803676
18804139
18804140
18806831
18806831
18806832
18806832
18807135
18807136
18807203
18807204
18808817
18808818
18810475
18810476
18811115
18811116
18821113
18821114
18824066
18824067
18824880
18824881
18826092
18826093
18827206
18827206
18827207
18827207
18829512
18829513
18832512
18832513
18835910
18835911
18837262
18837263
18837362
18837362
18837363
18837363
18839554
18839554
18839554
18839555
18839555
18839555
18840058
18840058
18840058
18840059
18840059
18840059
18840938
18840939
18842042
18842042
18842042
18842042
18842043
18842043
18842043
18842043
18842600
18842601
18842824
18842824
18842824
18842824
18842825
18842825
18842825
18842825
18843132
18843133
18845076
18845077
18845086
18845087
18845892
18845893
18846712
18846713
18846948
18846948
18846948
18846949
18846949
18846949
18847940
18847941
18848176
18848177
18850174
18850175
18853030
18853031
18856792
18856793
18856894
18856895
18859100
18859101
18861046
18861047
18861546
18861547
18863338
18863339
18865018
18865019
18868120
18868120
18868121
18868121
18871130
18871130
18871131
18871131
18871354
18871355
18871362
18871363
18873078
18873079
18890050
18890051
18891516
18891517
18893924
18893925
18893928
18893929
18894490
18894491
18894494
18894495
18909522
18909523
18918078
18918079
18923682
18923683
18924486
18924487
18926792
18926793
18927194
18927195
18933016
18933017
18934354
18934354
18934355
18934355
18935440
18935441
18944624
18944625
18947012
18947013
18949232
18949233
18949970
18949971
18949990
18949991
18951486
18951487
18954758
18954759
18954760
18954760
18954761
18954761
18956176
18956177
18956184
18956185
18956510
18956511
18963192
18963193
18981856
18981857
18981858
18981859
18985996
18985997
18986710
18986710
18986710
18986711
18986711
18986711
18986948
18986949
18987374
18987375
18987530
18987531
18987616
18987616
18987616
18987616
18987616
18987616
18987616
18987617
18987617
18987617
18987617
18987617
18987617
18987617
18988048
18988049
18988242
18988243
18989418
18989418
18989418
18989419
18989419
18989419
18991162
18991163
18991988
18991989
18992010
18992011
18992328
18992329
18992726
18992727
18993338
18993339
18993340
18993341
18994378
18994378
18994378
18994378
18994379
18994379
18994379
18994379
18994830
18994831
18995426
18995427
18995944
18995944
18995944
18995945
18995945
18995945
18996426
18996427
18996428
18996429
18997596
18997597
18997660
18997661
18997788
18997789
18997790
18997791
18997830
18997831
18998086
18998087
18998346
18998347
19000188
19000189
19000190
19000191
19001388
19001389
19001590
19001591
19002074
19002075
19002354
19002355
19003206
19003207
19003208
19003209
19003480
19003481
19004524
19004525
19004600
19004600
19004601
19004601
19006038
19006039
19007400
19007401
19007530
19007531
19007854
19007855
19008412
19008413
19009510
19009511
19009660
19009661
19010010
19010011
19010168
19010169
19010298
19010299
19010552
19010553
19010780
19010781
19011172
19011173
19011704
19011705
19011834
19011835
19012744
19012744
19012744
19012745
19012745
19012745
19013572
19013573
19013746
19013747
19014920
19014921
19017258
19017259
19017320
19017321
19017456
19017457
19017670
19017671
19018470
19018471
19018486
19018486
19018486
19018487
19018487
19018487
19024814
19024815
19024816
19024817
19027014
19027015
19027946
19027947
19028488
19028489
19029064
19029065
19029178
19029179
19029192
19029193
19029374
19029375
19030362
19030363
19032357
19032358
19032383
19032384
19033309
19033310
19033393
19033394
19033457
19033458
19033685
19033686
19033799
19033800
19034887
19034888
19035031
19035032
19037033
19037034
19037129
19037130
19037373
19037374
19038609
19038610
19041924
19041925
19042588
19042589
19042674
19042675
19042812
19042812
19042813
19042813
19049438
19049438
19049439
19049439
19063042
19063043
19071606
19071607
19074992
19074993
19075412
19075413
19079016
19079017
19082258
19082258
19082259
19082259
19087962
19087963
19096992
19096993
19097768
19097769
19100188
19100188
19100189
19100189
19103526
19103527
19104484
19104485
19105464
19105465
19105652
19105652
19105653
19105653
19107490
19107491
19107900
19107901
19108358
19108359
19112824
19112825
19113016
19113017
19116728
19116729
19119662
19119662
19119662
19119663
19119663
19119663
19120198
19120198
19120199
19120199
19124132
19124133
19124424
19124425
19124492
19124493
19124506
19124507
19125076
19125077
19125078
19125079
19125258
19125259
19127466
19127467
19129496
19129497
19131996
19131997
19133928
19133928
19133929
19133929
19134606
19134606
19134606
19134607
19134607
19134607
19134842
19134843
19136086
19136087
19136978
19136979
19138498
19138499
19138586
19138587
19139528
19139529
19140496
19140497
19141576
19141577
19141750
19141751
19144658
19144658
19144658
19144659
19144659
19144659
19146688
19146689
19151140
19151140
19151140
19151141
19151141
19151141
19152000
19152001
19153550
19153551
19155268
19155269
19156606
19156607
19170410
19170411
19172944
19172945
19179932
19179933
19183822
19183823
19187338
19187339
19190778
19190778
19190778
19190778
19190778
19190778
19190779
19190779
19190779
19190779
19190779
19190779
19207074
19207075
19207078
19207079
19219648
19219649
19219650
19219651
19221316
19221316
19221317
19221317
19222096
19222097
19223078
19223078
19223078
19223079
19223079
19223079
19223120
19223121
19224888
19224889
19226838
19226838
19226839
19226839
19234546
19234547
19236766
19236767
19237904
19237905
19238618
19238619
19238794
19238795
19239500
19239501
19240614
19240615
19243128
19243129
19243970
19243971
19244996
19244997
19245188
19245189
19248332
19248333
19252412
19252412
19252412
19252413
19252413
19252413
19252864
19252865
19253158
19253159
19253164
19253165
19253232
19253233
19253408
19253409
19253754
19253755
19253756
19253757
19253904
19253905
19254010
19254011
19254192
19254193
19254196
19254197
19256064
19256065
19256070
19256071
19256242
19256243
19256250
19256251
19256254
19256255
19256842
19256842
19256843
19256843
19257152
19257153
19257676
19257677
19257678
19257679
19257754
19257755
19257944
19257945
19257946
19257947
19257948
19257949
19258006
19258007
19258344
19258345
19258992
19258993
19259028
19259029
19259060
19259061
19259078
19259079
19259412
19259412
19259412
19259413
19259413
19259413
19259532
19259532
19259532
19259533
19259533
19259533
19259534
19259535
19259596
19259597
19259832
19259833
19260212
19260213
19260340
19260341
19260342
19260343
19260592
19260593
19260640
19260640
19260640
19260640
19260640
19260640
19260641
19260641
19260641
19260641
19260641
19260641
19261308
19261309
19261824
19261825
19263098
19263099
19263100
19263101
19263172
19263173
19263186
19263187
19263324
19263325
19263852
19263853
19264822
19264823
19264824
19264825
19265206
19265207
19265208
19265209
19265450
19265451
19265568
19265569
19265618
19265619
19265894
19265895
19266328
19266329
19266412
19266413
19266470
19266470
19266470
19266471
19266471
19266471
19267178
19267179
19267180
19267180
19267180
19267181
19267181
19267181
19267376
19267377
19268112
19268113
19268728
19268729
19271440
19271441
19273790
19273791
19274378
19274378
19274378
19274379
19274379
19274379
19292144
19292145
19292728
19292729
19292912
19292913
19293464
19293465
19293954
19293955
19296306
19296306
19296307
19296307
19298272
19298273
19302854
19302855
19307010
19307010
19307011
19307011
19307430
19307431
19310752
19310753
19312266
19312267
19312274
19312275
19313808
19313809
19314192
19314192
19314192
19314192
19314193
19314193
19314193
19314193
19314366
19314366
19314366
19314367
19314367
19314367
19314624
19314625
19315176
19315177
19316696
19316697
19317056
19317057
19317086
19317087
19317118
19317119
19317202
19317203
19317296
19317297
19317442
19317443
19317494
19317495
19317512
19317513
19317566
19317567
19317946
19317946
19317946
19317946
19317947
19317947
19317947
19317947
19318666
19318667
19318890
19318891
19318892
19318893
19319102
19319103
19319110
19319111
19319114
19319115
19319396
19319397
19322624
19322625
19326596
19326597
19328678
19328679
19330598
19330599
19332034
19332035
19333226
19333227
19333234
19333235
19333242
19333243
19333250
19333251
19333258
19333259
19333266
19333267
19333272
19333273
19333416
19333417
19337100
19337101
19337108
19337109
19337116
19337117
19337118
19337119
19337494
19337495
19338164
19338165
19338172
19338173
19338180
19338181
19338188
19338189
19338196
19338197
19338204
19338205
19338212
19338213
19338216
19338217
19338218
19338219
19338224
19338225
19339274
19339275
19339282
19339283
19339290
19339291
19339298
19339299
19339306
19339307
19339314
19339315
19339322
19339323
19339326
19339327
19339328
19339329
19339782
19339783
19339790
19339791
19339796
19339797
19340150
19340151
19340184
19340184
19340184
19340185
19340185
19340185
19340516
19340517
19340760
19340761
19341720
19341721
19342162
19342162
19342162
19342163
19342163
19342163
19342314
19342315
19342472
19342472
19342472
19342472
19342473
19342473
19342473
19342473
19342506
19342506
19342506
19342507
19342507
19342507
19342684
19342685
19342772
19342773
19342810
19342811
19343418
19343418
19343418
19343418
19343418
19343418
19343419
19343419
19343419
19343419
19343419
19343419
19343436
19343437
19344650
19344651
19344652
19344653
19344654
19344655
19345934
19345935
19345942
19345943
19345950
19345951
19345958
19345959
19345966
19345967
19345974
19345975
19345982
19345983
19345990
19345991
19345998
19345999
19346006
19346007
19346014
19346015
19346022
19346023
19346030
19346031
19346038
19346039
19346046
19346047
19346054
19346055
19346114
19346115